  1.0    15.0 294.53   0.014490   4.41 196.61 387.66  90772.43
  1.0    46.0 294.71   0.014784   4.11 200.37 388.35  90866.69
  1.0    74.0 294.68   0.014366   4.49 212.70 379.34  91038.94
  1.0   105.0 293.09   0.013459   5.03 175.09 375.12  91235.18
  1.0   135.0 291.02   0.011379   5.28 167.64 359.40  91352.76
  1.0   166.0 289.16   0.009832   5.51 164.44 335.58  91634.38
  1.0   196.0 288.36   0.009320   5.55 160.49 335.04  91779.07
  1.0   227.0 289.28   0.009290   5.52 189.30 332.58  91682.09
  1.0   258.0 291.88   0.009844   5.80 245.21 337.22  91439.90
  1.0   288.0 294.73   0.010253   6.31 284.32 348.20  91277.24
  1.0   319.0 295.56   0.012248   6.03 267.69 367.99  91059.70
  1.0   349.0 295.16   0.014249   4.82 240.19 380.51  91013.91
  2.0   380.0 295.34   0.014996   4.62 239.84 386.28  91020.37
  2.0   411.0 294.98   0.015201   4.76 202.10 391.36  90897.73
  2.0   439.0 294.48   0.014553   4.54 207.15 384.39  91076.55
  2.0   470.0 293.25   0.013573   5.00 176.31 375.50  91271.77
  2.0   500.0 291.37   0.011489   5.16 169.65 354.64  91484.06
  2.0   531.0 289.33   0.009746   5.69 173.97 330.33  91642.44
  2.0   561.0 288.34   0.009015   5.54 162.61 333.79  91777.67
  2.0   592.0 289.36   0.009237   5.78 201.12 329.88  91637.39
  2.0   623.0 292.27   0.009765   6.02 256.50 333.77  91420.82
  2.0   653.0 294.82   0.010768   6.24 281.05 348.41  91209.19
  2.0   684.0 295.61   0.012948   5.61 263.48 372.56  90998.73
  2.0   714.0 294.95   0.014979   4.29 221.24 387.33  90918.39
  3.0   745.0 295.04   0.014948   4.75 209.92 390.39  90815.60
  3.0   776.0 295.02   0.014898   4.37 206.34 391.13  90860.62
  3.0   804.0 294.93   0.014840   4.00 219.53 385.15  91008.98
  3.0   835.0 292.81   0.013278   5.33 175.65 377.14  91159.74
  3.0   865.0 291.00   0.011274   5.06 164.96 359.11  91348.73
  3.0   896.0 289.38   0.010068   5.36 161.67 339.91  91578.15
  3.0   926.0 288.71   0.009375   5.37 172.71 330.40  91694.23
  3.0   957.0 289.50   0.009113   5.24 199.31 331.62  91612.96
  3.0   988.0 292.29   0.009599   5.90 257.01 333.24  91398.26
  3.0  1018.0 294.62   0.010377   6.31 285.91 351.63  91183.02
  3.0  1049.0 295.14   0.012630   5.86 255.32 374.54  91046.70
  3.0  1079.0 294.62   0.014536   4.57 220.60 383.86  90866.14
  4.0  1110.0 294.85   0.015001   5.04 210.90 389.83  90710.08
  4.0  1141.0 294.83   0.014950   4.13 193.23 389.52  90925.73
  4.0  1169.0 294.57   0.014682   4.51 205.05 381.35  91088.90
  4.0  1200.0 293.02   0.013570   5.06 170.65 378.55  91167.73
  4.0  1230.0 291.21   0.011760   5.30 166.68 358.17  91325.62
  4.0  1261.0 289.54   0.010208   5.45 172.10 335.07  91565.47
  4.0  1291.0 288.32   0.009195   5.36 176.11 325.63  91706.62
  4.0  1322.0 289.37   0.008968   5.33 231.89 317.09  91548.87
  4.0  1353.0 292.18   0.009412   5.92 271.79 328.68  91384.80
  4.0  1383.0 294.29   0.010786   6.19 281.26 350.46  91140.77
  4.0  1414.0 294.85   0.013144   5.51 236.57 372.54  91041.30
  4.0  1444.0 294.79   0.014234   4.89 220.28 382.70  90793.37
  5.0  1475.0 294.53   0.014526   4.49 207.30 387.34  90813.30
  5.0  1506.0 294.92   0.014952   4.19 190.97 389.58  90839.38
  5.0  1534.0 294.78   0.014687   4.30 208.23 381.84  90935.05
  5.0  1565.0 293.00   0.013462   5.07 160.22 380.76  91161.69
  5.0  1595.0 291.24   0.011732   5.25 171.47 351.55  91351.10
  5.0  1626.0 289.09   0.009719   5.24 169.99 333.95  91585.09
  5.0  1656.0 288.61   0.009433   5.64 168.99 330.98  91704.50
  5.0  1687.0 289.82   0.009421   5.17 208.89 326.26  91565.88
  5.0  1718.0 292.62   0.009301   6.02 262.64 332.78  91363.12
  5.0  1748.0 294.61   0.010328   6.26 281.76 349.20  91169.09
  5.0  1779.0 294.99   0.012234   5.66 263.73 367.28  91067.04
  5.0  1809.0 295.51   0.013747   5.11 250.04 380.40  90877.44
  6.0  1840.0 294.91   0.014587   4.51 205.14 389.92  90847.12
  6.0  1871.0 294.73   0.014574   5.12 213.29 389.42  90896.65
  6.0  1899.0 294.40   0.014369   4.69 212.35 380.48  91086.84
  6.0  1930.0 293.53   0.013771   5.22 183.35 375.38  91237.80
  6.0  1960.0 291.96   0.012337   5.14 144.16 368.85  91370.66
  6.0  1991.0 289.49   0.010241   5.43 164.53 337.38  91609.66
  6.0  2021.0 289.11   0.009524   5.27 175.26 327.49  91725.98
  6.0  2052.0 289.82   0.009396   5.36 212.13 323.79  91726.99
  6.0  2083.0 292.26   0.009551   5.95 263.96 331.13  91433.09
  6.0  2113.0 294.71   0.010687   6.29 285.24 353.95  91193.39
  6.0  2144.0 295.13   0.012745   5.74 255.45 373.67  91013.37
  6.0  2174.0 295.33   0.013898   4.72 226.72 385.78  90992.48
  7.0  2205.0 295.26   0.015093   4.51 206.73 392.00  90884.97
  7.0  2236.0 294.99   0.014800   4.50 220.17 386.25  91028.35
  7.0  2264.0 294.69   0.014680   4.48 201.91 387.94  91111.95
  7.0  2295.0 293.55   0.013821   5.07 173.46 378.74  91191.51
  7.0  2325.0 291.74   0.011898   5.22 170.00 355.59  91413.36
  7.0  2356.0 289.64   0.010346   5.56 156.53 344.52  91622.27
  7.0  2386.0 288.94   0.009452   5.44 169.48 335.14  91659.05
  7.0  2417.0 289.27   0.008900   5.71 194.27 330.75  91752.26
  7.0  2448.0 291.82   0.009615   6.04 235.74 338.57  91590.51
  7.0  2478.0 294.30   0.010732   6.25 276.53 349.76  91293.53
  7.0  2509.0 295.79   0.012346   5.89 265.09 373.10  90977.52
  7.0  2539.0 295.19   0.014474   4.70 230.63 385.24  90955.97
  8.0  2570.0 294.97   0.014606   5.40 218.67 390.15  90907.05
  8.0  2601.0 294.76   0.014855   4.30 207.35 390.91  90976.05
  8.0  2629.0 294.34   0.014506   4.36 188.42 389.72  91101.02
  8.0  2660.0 292.74   0.012990   5.21 184.85 370.02  91254.84
  8.0  2690.0 291.06   0.011539   5.60 167.80 356.02  91404.60
  8.0  2721.0 288.91   0.009666   5.40 163.87 335.24  91632.55
  8.0  2751.0 288.19   0.009193   5.70 159.47 335.51  91735.73
  8.0  2782.0 289.02   0.009313   5.59 178.13 338.98  91663.13
  8.0  2813.0 292.14   0.009713   5.89 259.59 330.83  91421.81
  8.0  2843.0 294.63   0.010259   6.20 286.32 348.77  91191.95
  8.0  2874.0 295.30   0.011912   5.85 278.68 363.82  90997.40
  8.0  2904.0 294.88   0.014273   4.85 224.65 383.50  90849.15
  9.0  2935.0 294.98   0.014853   4.94 210.53 387.93  90781.75
  9.0  2966.0 294.63   0.014814   4.37 197.41 388.90  90825.85
  9.0  2994.0 294.31   0.014444   4.21 206.08 381.44  91084.73
  9.0  3025.0 293.35   0.013611   5.19 183.53 374.16  91138.03
  9.0  3055.0 291.26   0.011686   5.21 162.93 357.74  91363.03
  9.0  3086.0 289.28   0.010268   5.37 155.95 340.56  91628.62
  9.0  3116.0 288.43   0.009510   5.39 173.57 328.88  91644.56
  9.0  3147.0 289.10   0.009421   5.29 193.13 329.43  91667.47
  9.0  3178.0 291.50   0.009236   5.93 263.41 327.36  91409.36
  9.0  3208.0 294.95   0.010104   6.45 300.60 342.71  91133.02
  9.0  3239.0 295.58   0.012690   5.67 269.24 367.98  90979.96
  9.0  3269.0 294.91   0.014796   4.53 206.65 387.78  90862.97
 10.0  3300.0 294.52   0.014972   5.01 183.92 390.60  90719.02
 10.0  3331.0 294.65   0.014850   3.94 221.68 381.98  90964.02
 10.0  3359.0 294.18   0.014257   4.39 213.25 376.26  91067.49
 10.0  3390.0 293.17   0.013467   4.97 178.04 376.33  91231.98
 10.0  3420.0 291.74   0.012197   4.95 171.51 355.69  91335.98
 10.0  3451.0 288.68   0.009751   5.72 158.07 335.94  91628.12
 10.0  3481.0 288.17   0.009346   5.84 158.53 333.68  91760.80
 10.0  3512.0 288.83   0.008908   5.65 207.60 324.83  91705.80
 10.0  3543.0 291.95   0.009309   5.88 259.77 330.82  91448.34
 10.0  3573.0 294.62   0.010513   6.44 280.33 348.12  91253.18
 10.0  3604.0 295.27   0.012677   5.76 258.71 369.34  91036.08
 10.0  3634.0 294.63   0.014630   4.51 206.49 386.18  90952.74