    45.0000     -0.0066    292.0000     -0.7233     36.6939     40.4253    199.7854   -306.1193 292 292
    75.0000     -0.0066      1.0000     -0.6096     30.9107     33.2178    196.7734   -306.1339   1 292
   105.0000     -0.0066      1.0000     -0.9717     42.1617     44.5875    185.5481   -306.1339   1 292
   135.0000     -0.0066      1.0000     -1.7017     55.1843     56.6009    187.2717   -306.1339   1 292
   165.0000     -0.0066      1.0000     -1.8663     58.9265     61.0740    206.8038   -306.1339   1 292
   195.0000     -0.0066      1.0000     -1.2741     49.4187     54.0713    216.4529   -306.1339   1 292
   225.0000     -0.0066      1.0000     -0.7422     38.1267     44.6699    226.9533   -306.1339   1 292
   255.0000     -0.0066     75.5618     -0.4572     32.6309     46.4846    247.9975   -306.1339 292 292
   285.0000     -0.0004    292.0000     -1.1391     43.6688     48.0815    250.4815   -306.1656 292 292
   315.0000      0.4075    292.0000     -1.5750     42.6671     40.1856    219.8883   -307.9981 292 292
   345.0000      1.2165    292.0000     -1.0420     29.5463     36.9077    189.2867   -311.6573 292 292
   375.0000      2.1413    292.0000     -1.0934     31.0058     36.4507    183.4154   -315.8810 292 292
    15.0000      2.9135    292.0000     -1.2438     35.2692     39.3273    195.9338   -319.4382 292 292
    45.0000      7.8131    292.0000     -0.5883     16.6817     26.9305    199.7854   -343.7474 292 292
    75.0000     20.2622      1.0000      1.8679    -52.9683      0.6686    196.7734   -407.6312   1 292
   105.0000     19.7474      1.0000      2.0194    -57.2617      3.9434    185.5481   -404.7828   1 292
   135.0000     19.2414      1.3444      1.9699    -55.8605      9.6447    187.2717   -401.9907   2 292
   165.0000     19.0696      2.0000      2.0676    -58.6305     11.0885    206.8038   -401.0503   2 292
   195.0000     18.6624      2.7687      1.8017    -51.0900     11.1764    216.4529   -398.8123   3 292
   225.0000     19.8531      3.8604      1.6413    -46.5408      8.7712    226.9533   -405.3663   4 292
   255.0000     21.6146      4.7181      2.4015    -68.0995      8.8508    247.9975   -415.1970   6 292
   285.0000     22.7484      6.7812      2.3441    -66.4716      7.0215    250.4815   -421.6263   7 292
   315.0000     23.4893      8.9993      3.4125    -96.7652     -6.5008    219.8883   -425.8752  12 292
   345.0000     21.6200     14.1014      4.0998   -116.2568     -8.8428    189.2867   -415.2405  16 292
   375.0000     20.7553     17.3903      3.4817    -98.7297     -5.4304    183.4154   -410.3784  18 292
    15.0000     20.8474     18.7396      3.5440   -100.4951     -4.1017    195.9338   -410.8923  19 292
    45.0000     21.0882     19.8194      3.1909    -90.4834     -4.4115    199.7854   -412.2393  20 292
    75.0000     21.8055     20.4875      3.0776    -87.2712     -7.5680    196.7734   -416.2750  21 292
   105.0000     21.8296     22.3062      3.9112   -110.9072     -9.7346    185.5481   -416.4135  24 292
   135.0000     21.3298     24.5562      3.9885   -113.0988     -5.5010    187.2717   -413.5977  25 292
   165.0000     21.0963     26.4500      4.0912   -116.0116     -4.5134    206.8038   -412.2879  28 292
   195.0000     20.7767     28.4986      3.7411   -106.0853     -2.6949    216.4529   -410.4968  29 292
   225.0000     21.1886     29.0000      2.6315    -74.6205      3.4840    226.9533   -412.8026  29 292
   255.0000     22.4667     22.6049      3.0817    -87.3869      6.2749    247.9975   -420.0193  26 292
   285.0000     23.5805     26.9937      3.0861    -87.5110      3.9543    250.4815   -426.3856  27 292
   315.0000     24.4551     26.7007      4.2425   -120.3035    -12.8161    219.8883   -431.4370  30 292
   345.0000     23.4493     31.7778      5.6554   -160.3683    -21.8026    189.2867   -425.6425  33 292
   375.0000     22.3664     34.2493      4.8204   -136.6897    -16.9506    183.4154   -419.4546  35 292
    15.0000     22.0855     35.1161      4.6428   -131.6537    -13.4611    195.9338   -417.8593  36 292
    45.0000     22.0280     36.0000      3.9617   -112.3398    -10.8636    199.7854   -417.5325  36 292
    75.0000     22.3925     36.0924      3.4940    -99.0786    -11.0385    196.7734   -419.5969  37 292
   105.0000     22.4108     37.3076      4.4234   -125.4315    -14.1504    185.5481   -419.7048  38 292
   135.0000     21.9972     38.6910      4.6717   -132.4724    -11.3744    187.2717   -417.3602  39 292
   165.0000     21.7078     39.9938      4.7440   -134.5244    -10.1655    206.8038   -415.7258  41 292
   195.0000     21.3798     41.3472      4.3516   -123.3954     -7.7093    216.4529   -413.8752  42 292
   225.0000     21.5811     42.0000      3.0282    -85.8680      1.4647    226.9533   -415.0088  42 292
   255.0000     22.6401     26.2535      3.2404    -91.8866      5.6793    247.9975   -421.0055  30 292
   285.0000     23.6655     30.8764      3.1749    -90.0301      3.5941    250.4815   -426.8743  31 292
   315.0000     24.5194     29.7847      4.2995   -121.9176    -13.2497    219.8883   -431.8091  37 292
   345.0000     23.7533     41.3514      5.9308   -168.1757    -24.0730    189.2867   -427.3875  43 292
   375.0000     22.8360     44.2208      5.2317   -148.3542    -20.4847    183.4154   -422.1264  45 292
    15.0000     22.5406     45.0000      5.0615   -143.5265    -17.0724    195.9338   -420.4418  45 292
    45.0000     22.4282     45.8153      4.2966   -121.8371    -13.7164    199.7854   -419.8000  46 292
    75.0000     22.6206     45.5604      3.6584   -103.7406    -12.4134    196.7734   -420.8941  46 292
   105.0000     22.6026     46.4479      4.5968   -130.3482    -15.6431    185.5481   -420.7939  47 292
   135.0000     22.2611     47.7035      4.9459   -140.2481    -13.7625    187.2717   -418.8526  48 292
   165.0000     22.0211     48.5701      5.0813   -144.0874    -13.1392    206.8038   -417.4956  49 292
   195.0000     21.6962     49.8076      4.6656   -132.2991    -10.4209    216.4529   -415.6623  50 292
   225.0000     21.8268     50.0000      3.2848    -93.1442      0.0787    226.9533   -416.3945  50 292
   255.0000     22.7496     28.7361      3.3457    -94.8717      5.2855    247.9975   -421.6288  32 292
   285.0000     23.7154     32.9562      3.2282    -91.5418      3.3786    250.4815   -427.1615  33 292
   315.0000     24.5495     30.9167      4.3261   -122.6716    -13.4510    219.8883   -431.9841  39 292
   345.0000     23.8444     46.0632      6.0145   -170.5491    -24.7603    189.2867   -427.9114  50 292
   375.0000     23.0190     51.1910      5.3953   -152.9923    -21.8803    183.4154   -423.1715  52 292
    15.0000     22.7771     52.0000      5.2838   -149.8305    -18.9802    195.9338   -421.7883  52 292
    45.0000     22.6606     52.3993      4.4936   -127.4217    -15.3900    199.7854   -421.1224  53 292
    75.0000     22.7681     52.5424      3.7664   -106.8008    -13.3147    196.7734   -421.7432  53 292
   105.0000     22.7433     53.1250      4.7250   -133.9848    -16.7434    185.5481   -421.5949  54 292
   135.0000     22.4270     54.0000      5.1201   -145.1876    -15.2792    187.2717   -419.7982  54 292
   165.0000     22.2041     54.9715      5.2806   -149.7385    -14.8963    206.8038   -418.5323  56 292
   195.0000     21.8795     56.0000      4.8486   -137.4887    -12.0122    216.4529   -416.6989  56 292
   225.0000     21.9812     56.0000      3.4472    -97.7505     -0.8300    226.9533   -417.2667  56 292
   255.0000     22.8204     30.4611      3.4161    -96.8686      5.0226    247.9975   -422.0328  34 292
   285.0000     23.7475     34.8299      3.2630    -92.5286      3.2375    250.4815   -427.3463  35 292
   315.0000     24.5689     31.6000      4.3433   -123.1596    -13.5811    219.8883   -432.0970  40 292
   345.0000     23.8872     48.3861      6.0539   -171.6672    -25.0826    189.2867   -428.1576  55 292
   375.0000     23.0987     56.4542      5.4670   -155.0241    -22.4900    183.4154   -423.6245  57 292
    15.0000     22.8931     57.0372      5.3941   -152.9567    -19.9230    195.9338   -422.4504  58 292
    45.0000     22.7855     58.0000      4.6000   -130.4406    -16.2924    199.7854   -421.8355  58 292
    75.0000     22.8472     57.7417      3.8249   -108.4619    -13.8033    196.7734   -422.1895  58 292
   105.0000     22.8259     58.2146      4.8008   -136.1339    -17.3924    185.5481   -422.0680  59 292
   135.0000     22.5664     59.0000      5.2677   -149.3731    -16.5615    187.2717   -420.5856  59 292
   165.0000     22.3742     59.8417      5.4675   -155.0385    -16.5414    206.8038   -419.4971  61 292
   195.0000     22.0215     61.0000      4.9913   -141.5349    -13.2563    216.4529   -417.5027  61 292
   225.0000     22.1009     61.0000      3.5735   -101.3318     -1.5535    226.9533   -417.9444  61 292
   255.0000     22.8761     31.8847      3.4728    -98.4763      4.8114    247.9975   -422.3508  35 292
   285.0000     23.7748     35.9250      3.2929    -93.3738      3.1167    250.4815   -427.5029  36 292
   315.0000     24.5854     32.1389      4.3579   -123.5749    -13.6917    219.8883   -432.1928  41 292
   345.0000     23.9171     49.7285      6.0815   -172.4504    -25.3076    189.2867   -428.3300  58 292
   375.0000     23.1452     60.4833      5.5090   -156.2154    -22.8468    183.4154   -423.8886  61 292
    15.0000     22.9791     61.3199      5.4768   -155.3027    -20.6287    195.9338   -422.9413  62 292
    45.0000     22.8969     62.0000      4.6955   -133.1477    -17.1000    199.7854   -422.4703  62 292
    75.0000     22.9233     61.7687      3.8814   -110.0630    -14.2738    196.7734   -422.6204  62 292
   105.0000     22.8975     62.5507      4.8662   -137.9896    -17.9513    185.5481   -422.4760  63 292
   135.0000     22.6542     63.1521      5.3618   -152.0423    -17.3787    187.2717   -421.0944  64 292
   165.0000     22.5013     64.1312      5.6083   -159.0323    -17.7805    206.8038   -420.2194  65 292
   195.0000     22.1345     65.0000      5.1051   -144.7629    -14.2497    216.4529   -418.1310  65 292
   225.0000     22.1979     65.0000      3.6761   -104.2399     -2.1497    226.9533   -418.4941  65 292
   255.0000     22.9229     33.1014      3.5214    -99.8530      4.6306    247.9975   -422.6178  36 292
   285.0000     23.7951     36.9604      3.3153    -94.0094      3.0261    250.4815   -427.6199  37 292
   315.0000     24.5964     32.5819      4.3676   -123.8503    -13.7650    219.8883   -432.2556  42 292
   345.0000     23.9393     50.7354      6.1021   -173.0332    -25.4750    189.2867   -428.4580  60 292
   375.0000     23.1762     63.9451      5.5368   -157.0034    -23.0829    183.4154   -424.0699  65 292
    15.0000     23.0306     65.0000      5.5265   -156.7127    -21.0523    195.9338   -423.2372  65 292
    45.0000     22.9454     65.8104      4.7378   -134.3468    -17.4573    199.7854   -422.7485  66 292
    75.0000     22.9478     66.0000      3.8999   -110.5887    -14.4282    196.7734   -422.7568  66 292
   105.0000     22.9251     66.0979      4.8919   -138.7177    -18.1703    185.5481   -422.6364  67 292
   135.0000     22.7829     67.0000      5.4993   -155.9399    -18.5694    187.2717   -421.8146  67 292
   165.0000     22.6046     67.4458      5.7236   -162.3005    -18.7893    206.8038   -420.8075  68 292
   195.0000     22.2267     68.0000      5.1990   -147.4253    -15.0677    216.4529   -418.6649  68 292
   225.0000     22.2809     68.8562      3.7635   -106.7186     -2.6680    226.9533   -418.9646  69 292
   255.0000     22.9630     34.1472      3.5636   -101.0516      4.4735    247.9975   -422.8466  37 292
   285.0000     23.8142     37.9500      3.3365    -94.6109      2.9403    250.4815   -427.7299  38 292
   315.0000     24.6065     32.9694      4.3765   -124.1030    -13.8322    219.8883   -432.3149  43 292
   345.0000     23.9591     51.5764      6.1204   -173.5528    -25.6241    189.2867   -428.5720  61 292
   375.0000     23.1929     66.5993      5.5522   -157.4413    -23.2133    183.4154   -424.1667  68 292
    15.0000     23.0328     68.0223      5.5288   -156.7774    -21.0717    195.9338   -423.2500  69 292
    45.0000     22.9772     69.0000      4.7651   -135.1223    -17.6881    199.7854   -422.9328  69 292
    75.0000     22.9803     69.0000      3.9240   -111.2709    -14.6284    196.7734   -422.9429  69 292
   105.0000     22.9621     69.1215      4.9264   -139.6947    -18.4648    185.5481   -422.8430  70 292
   135.0000     22.8027     70.0000      5.5203   -156.5357    -18.7522    187.2717   -421.9294  70 292
   165.0000     22.6845     70.3646      5.8131   -164.8400    -19.5786    206.8038   -421.2611  71 292
   195.0000     22.2870     71.7597      5.2611   -149.1852    -15.6114    216.4529   -418.9926  72 292
   225.0000     22.3228     72.0000      3.8077   -107.9735     -2.9336    226.9533   -419.2024  72 292
   255.0000     22.9827     34.7250      3.5847   -101.6484      4.3953    247.9975   -422.9593  38 292
   285.0000     23.8237     38.0000      3.3470    -94.9106      2.8975    250.4815   -427.7845  38 292
   315.0000     24.6110     33.1694      4.3805   -124.2165    -13.8622    219.8883   -432.3412  43 292
   345.0000     23.9677     52.0236      6.1284   -173.7796    -25.6893    189.2867   -428.6216  62 292
   375.0000     23.2432     68.3243      5.5973   -158.7184    -23.5962    183.4154   -424.4509  70 292
    15.0000     23.1534     70.5060      5.6455   -160.0875    -22.0637    195.9338   -423.9376  71 292
    45.0000     23.1543     71.0000      4.9194   -139.4958    -18.9870    199.7854   -423.9391  71 292
    75.0000     23.1571     71.0000      4.0576   -115.0593    -15.7384    196.7734   -423.9592  71 292
   105.0000     23.1361     71.6562      5.0871   -144.2516    -19.8303    185.5481   -423.8360  72 292
   135.0000     22.9042     72.8674      5.6306   -159.6629    -19.7055    187.2717   -422.5131  73 292
   165.0000     22.7932     73.1194      5.9354   -168.3061    -20.6481    206.8038   -421.8784  74 292
   195.0000     22.4146     74.0000      5.3919   -152.8958    -16.7508    216.4529   -419.7262  74 292
   225.0000     22.4382     74.0000      3.9294   -111.4228     -3.6677    226.9533   -419.8579  74 292
   255.0000     23.0408     36.3493      3.6476   -103.4322      4.1619    247.9975   -423.2910  39 292
   285.0000     23.8515     39.9250      3.3784    -95.7983      2.7707    250.4815   -427.9452  40 292
   315.0000     24.6262     33.7097      4.3940   -124.5977    -13.9635    219.8883   -432.4289  44 292
   345.0000     23.9938     53.2979      6.1526   -174.4658    -25.8859    189.2867   -428.7721  63 292
   375.0000     23.2582     70.8896      5.6112   -159.1139    -23.7139    183.4154   -424.5371  73 292
    15.0000     23.1536     73.0000      5.6457   -160.0918    -22.0650    195.9338   -423.9377  73 292
    45.0000     23.1544     73.3271      4.9194   -139.4977    -18.9876    199.7854   -423.9391  74 292
    75.0000     23.1571     74.0000      4.0576   -115.0594    -15.7384    196.7734   -423.9592  74 292
   105.0000     23.1410     74.0674      5.0920   -144.3925    -19.8731    185.5481   -423.8640  75 292
   135.0000     22.9324     75.0000      5.6607   -160.5188    -19.9661    187.2717   -422.6762  75 292
   165.0000     22.8169     75.4535      5.9624   -169.0719    -20.8830    206.8038   -422.0161  76 292
   195.0000     22.4652     76.0000      5.4443   -154.3810    -17.2046    216.4529   -420.0147  76 292
   225.0000     22.4941     76.0000      3.9886   -113.1039     -4.0247    226.9533   -420.1753  76 292
   255.0000     23.0715     37.2771      3.6814   -104.3917      4.0364    247.9975   -423.4665  40 292
   285.0000     23.8660     40.0000      3.3948    -96.2637      2.7043    250.4815   -428.0287  40 292
   315.0000     24.6344     33.9799      4.4013   -124.8049    -14.0187    219.8883   -432.4763  44 292
   345.0000     24.0075     54.0042      6.1653   -174.8268    -25.9893    189.2867   -428.8513  64 292
   375.0000     23.3121     72.1965      5.6604   -160.5100    -24.1309    183.4154   -424.8525  75 292
   405.0000     23.2461     75.0000      4.7371   -134.3268    -19.1068    200.7797   -424.4732  75 292
   435.0000     23.2461     75.6903      4.7316   -134.1719    -15.3480    221.1669   -424.4732  76 292
   465.0000     23.2461     76.0000      5.3015   -150.3320    -16.3015    212.0382   -424.4732  76 292
   495.0000     23.2461     76.0000      5.3972   -153.0462    -16.9648    197.1364   -424.4732  76 292
   525.0000     23.1939     76.4736      6.1792   -175.2190    -15.7547    203.4774   -424.1703  78 292
   555.0000     22.7881     78.0000      6.3077   -178.8639    -12.6030    209.4685   -421.8447  78 292
   585.0000     22.7632     78.0000      5.0842   -144.1713     -4.6661    223.4311   -421.7033  78 292
   615.0000     23.1333     59.0000      3.2201    -91.3108      2.5905    233.9823   -423.8202  59 292
   645.0000     24.1739     27.5549      3.0947    -87.7555     -1.1211    237.0650   -429.8059  30 292
   675.0000     24.6580     36.6965      4.7798   -135.5395    -15.6405    219.8934   -432.6152  46 292
   705.0000     23.9533     57.8000      6.3233   -179.3070    -24.6873    193.9094   -428.5379  71 292
   735.0000     23.3067     76.4708      5.9354   -168.3066    -25.2369    189.1599   -424.8217  78 292
   765.0000     23.2461     78.0000      4.7861   -135.7180    -20.0064    197.3490   -424.4732  78 292
   795.0000     23.2462     78.0000      4.0920   -116.0350    -15.0724    205.7103   -424.4733  78 292
   825.0000     23.2462     78.0000      5.0346   -142.7630    -17.4109    203.6347   -424.4733  78 292
   855.0000     23.2454     78.0326      5.9994   -170.1228    -21.2168    197.4612   -424.4680  79 292
   885.0000     22.9934     79.4806      6.3370   -179.6952    -22.0040    205.4575   -423.0249  80 292
   915.0000     22.5617     80.9208      5.9295   -168.1412    -16.8662    220.5676   -420.5572  81 292
   945.0000     22.5649     81.0000      4.0135   -113.8074     -5.8281    220.9459   -420.5781  81 292
   975.0000     23.1258     34.9125      3.1031    -87.9921      0.8677    227.8495   -423.7773  36 292
  1005.0000     23.9801     36.9472      2.7726    -78.6219     -2.5428    231.9830   -428.6865  37 292
  1035.0000     24.7797     31.3944      4.3342   -122.9017    -13.9361    222.1826   -433.3215  42 292
  1065.0000     24.1143     52.4625      6.9743   -197.7676    -21.9174    212.0562   -429.4688  64 292
  1095.0000     23.3736     73.3493      6.2010   -175.8398    -23.3821    204.9359   -425.2017  77 292
  1125.0000     23.3005     78.0972      4.6533   -131.9501    -17.5094    207.5034   -424.7816  79 292
  1155.0000     23.3028     79.0000      4.3563   -123.5298    -13.9156    217.9320   -424.7920  79 292
  1185.0000     23.3010     79.6576      5.2001   -147.4574    -16.7890    210.9459   -424.7788  80 292
  1215.0000     23.2990     80.0000      5.5127   -156.3219    -19.3739    192.0556   -424.7715  80 292
  1245.0000     23.2951     80.0000      6.0785   -172.3645    -17.3008    197.5445   -424.7506  80 292
  1275.0000     23.2165     80.9590      6.1928   -175.6050    -15.5486    205.3919   -424.2984  81 292
  1305.0000     23.2144     81.0000      4.8769   -138.2905     -7.9969    212.5893   -424.2860  81 292
  1335.0000     23.4297     81.0000      3.5664   -101.1316      1.2912    225.4844   -425.5187  81 292
  1365.0000     24.1680     35.6924      2.6965    -76.4636     -5.3397    216.7589   -429.7715  36 292
  1395.0000     24.6865     37.9139      3.8283   -108.5569    -22.6088    190.2760   -432.7806  50 292
  1425.0000     23.9944     65.3354      5.8448   -165.7379    -26.0859    176.0044   -428.7747  79 292
  1455.0000     23.6348     79.9500      5.7907   -164.2025    -23.9550    180.1522   -426.6929  80 292
  1485.0000     23.6359     80.0000      4.7626   -135.0506    -17.9127    201.7703   -426.6998  80 292
  1515.0000     23.6897     75.6597      4.2822   -121.4280    -14.1516    211.8953   -427.0134  80 292
  1545.0000     23.6892     80.9847      5.3763   -152.4516    -17.5421    207.4551   -427.0071  81 292
  1575.0000     23.6840     81.0000      6.4641   -183.2977    -15.1022    215.2431   -426.9809  81 292
  1605.0000     23.6836     81.0000      6.7741   -192.0908    -10.1337    211.1547   -426.9788  81 292
  1635.0000     23.6836     81.0000      6.2119   -176.1484    -10.0709    201.6326   -426.9788  81 292
  1665.0000     23.6950     81.8604      4.1029   -116.3430     -6.9777    204.6646   -427.0426  82 292
  1695.0000     23.9626     51.2444      3.8799   -110.0200     -2.1704    230.8130   -428.5825  61 292
  1725.0000     24.3023     61.0000      3.2863    -93.1870     -4.7288    234.9498   -430.5490  61 292
  1755.0000     24.9077     37.6354      4.0562   -115.0193    -17.8543    211.4439   -434.0664  55 292
  1785.0000     24.3156     72.1826      6.6709   -189.1635    -27.5550    190.5985   -430.6328  82 292
  1815.0000     23.5448     82.9146      6.6236   -187.8224    -32.4215    176.9831   -426.1868  83 292
  1845.0000     23.4728     83.0000      5.2460   -148.7576    -26.0698    195.6913   -425.7704  83 292
  1875.0000     23.4729     83.0000      4.8363   -137.1407    -20.0039    214.3310   -425.7713  83 292
  1905.0000     23.4728     83.0000      6.4712   -183.5006    -23.8293    211.4311   -425.7704  83 292
  1935.0000     23.4490     83.4833      7.8382   -222.2633    -21.0664    214.6849   -425.6337  84 292
  1965.0000     23.0051     85.1181      8.0005   -226.8670    -15.3704    216.7599   -423.0899  86 292
  1995.0000     22.6974     85.0000      6.4351   -182.4765    -11.8445    202.0049   -421.3344  85 292
  2025.0000     22.7076     85.0000      4.1896   -118.8018     -2.9745    205.1419   -421.3928  85 292
  2055.0000     23.0860     43.9757      3.5885   -101.7568      2.2037    238.4874   -423.5500  44 292
  2085.0000     23.7562     43.9875      3.3343    -94.5503     -1.5283    246.5490   -427.3958  44 292
  2115.0000     24.3542     38.5069      4.4162   -125.2284    -18.9037    212.0709   -430.8515  51 292
  2145.0000     23.6691     64.1569      6.1557   -174.5546    -25.7435    185.6590   -426.9007  79 292
  2175.0000     23.2788     80.8417      5.8117   -164.7993    -24.6498    191.3569   -424.6516  82 292
  2205.0000     23.2789     83.0826      5.6533   -160.3079    -26.2754    191.4633   -424.6514  84 292
  2235.0000     23.2789     84.0000      5.4939   -155.7884    -22.8602    196.6719   -424.6514  84 292
  2265.0000     23.2775     84.0403      5.9769   -169.4835    -21.0223    205.5152   -424.6458  85 292
  2295.0000     23.2146     85.0000      6.7359   -191.0054    -20.6095    206.2360   -424.2875  85 292
  2325.0000     23.1801     85.0000      7.0909   -201.0742    -17.5196    212.3779   -424.0876  85 292
  2355.0000     23.1500     85.2507      6.7523   -191.4719    -17.7773    215.1862   -423.9158  86 292
  2385.0000     23.1500     86.0000      5.3726   -152.3476    -10.6248    222.6689   -423.9158  86 292
  2415.0000     23.2218     86.0000      3.8153   -108.1888     -2.2442    224.1772   -424.3280  86 292
  2445.0000     23.8817     36.9965      2.9091    -82.4916     -1.4388    223.6527   -428.1190  37 292
  2475.0000     24.4714     37.5694      4.8192   -136.6552    -13.8349    212.7001   -431.5320  52 292
  2505.0000     23.7717     69.9187      6.5478   -185.6712    -22.9593    193.4433   -427.4895  83 292
  2535.0000     23.5376     83.7993      5.9189   -167.8400    -24.8917    183.5835   -426.1451  84 292
  2565.0000     23.5376     84.7729      4.8998   -138.9417    -21.3466    197.0728   -426.1451  85 292
  2595.0000     23.5376     85.0000      4.6242   -131.1258    -19.0567    209.9246   -426.1451  85 292
  2625.0000     23.5376     85.0000      5.6623   -160.5632    -22.2163    205.2843   -426.1451  85 292
  2655.0000     23.5376     85.8167      6.3234   -179.3101    -23.4125    204.3342   -426.1451  86 292
  2685.0000     23.5376     86.0000      6.6743   -189.2609    -26.9250    210.1331   -426.1451  86 292
  2715.0000     23.5376     86.0000      6.7671   -191.8905    -27.3763    218.9283   -426.1451  86 292
  2745.0000     23.5376     86.0000      5.3825   -152.6277    -14.0167    232.7134   -426.1451  86 292
  2775.0000     23.5985     86.0000      3.9894   -113.1245     -1.8520    239.4311   -426.4881  86 292
  2805.0000     24.1724     42.9576      2.5225    -71.5301     -6.2974    217.8318   -429.7974  43 292
  2835.0000     24.7308     37.0875      3.9528   -112.0882    -23.5741    193.3865   -433.0386  55 292
  2865.0000     23.9912     75.9208      6.4795   -183.7366    -29.2509    176.0477   -428.7537  85 292
  2895.0000     23.8296     85.1007      6.1587   -174.6389    -27.6149    173.6503   -427.8141  86 292
  2925.0000     23.8296     86.0000      5.1206   -145.2036    -21.4843    191.4768   -427.8141  86 292
  2955.0000     23.8296     86.0000      4.3659   -123.8009    -14.9190    205.6193   -427.8141  86 292
  2985.0000     23.8296     86.0000      5.3283   -151.0933    -17.1541    205.2486   -427.8141  86 292
  3015.0000     23.8296     86.0000      6.5030   -184.4013    -20.1680    206.5852   -427.8141  86 292
  3045.0000     23.8296     86.9861      6.9182   -196.1759    -21.6142    211.9465   -427.8141  87 292
  3075.0000     23.8296     87.0000      6.4716   -183.5123    -18.6973    217.4929   -427.8141  87 292
  3105.0000     23.8301     87.0000      4.6654   -132.2940     -8.0862    220.5879   -427.8170  87 292
  3135.0000     24.1153     86.8965      2.7420    -77.7528     -3.2718    217.4135   -429.4675  87 292
  3165.0000     25.1466     25.4979      2.1340    -60.5117    -10.1553    220.2953   -435.4577  27 292
  3195.0000     25.5921     35.7812      4.6058   -130.6046    -23.5666    211.9702   -438.0701  48 292
  3225.0000     24.6634     65.1743      6.8771   -195.0093    -24.9295    201.1188   -432.6493  82 292
  3255.0000     24.2834     84.0125      6.3712   -180.6653    -25.5874    193.5799   -430.4379  85 292
  3285.0000     24.2834     85.5056      5.5526   -157.4519    -23.8903    199.9977   -430.4379  86 292
  3315.0000     24.2834     86.0000      4.8916   -138.7094    -19.8006    209.1295   -430.4379  86 292
  3345.0000     24.2834     86.3299      5.6750   -160.9237    -22.3040    209.1241   -430.4379  87 292
  3375.0000     24.2154     87.4396      7.3196   -207.5585    -23.7508    211.7943   -430.0453  88 292
  3405.0000     24.1541     88.0000      7.9862   -226.4618    -21.3712    210.6500   -429.6888  88 292
  3435.0000     24.1541     88.0000      6.8078   -193.0448    -18.2777    209.0377   -429.6888  88 292
  3465.0000     24.1541     88.0000      4.7886   -135.7894    -11.0124    209.3755   -429.6888  88 292
  3495.0000     24.1580     88.0000      4.0329   -114.3577     -3.8374    226.2691   -429.7189  88 292
  3525.0000     24.4960     53.9403      3.0252    -85.7837     -5.7032    232.1453   -431.6711  54 292
  3555.0000     25.0073     41.4917      4.6364   -131.4727    -19.9971    201.3434   -434.6488  64 292
  3585.0000     24.1692     85.0646      7.1385   -202.4213    -29.6272    172.2941   -429.7853  90 292
  3615.0000     23.4939     90.2660      7.0149   -198.9180    -34.5096    158.4854   -425.8950  91 292
  3645.0000     23.1180     91.0000      5.3827   -152.6343    -26.7495    163.2856   -423.7341  91 292
  3675.0000     23.1172     91.0000      4.1246   -116.9583    -18.0439    185.3850   -423.7295  91 292
  3705.0000     23.1172     91.0000      5.7981   -164.4150    -20.2689    203.5945   -423.7295  91 292
  3735.0000     23.1172     91.0000      7.2076   -204.3826    -21.4976    209.7616   -423.7295  91 292
  3765.0000     23.1172     91.0000      7.2245   -204.8611    -23.3907    211.9751   -423.7295  91 292
  3795.0000     23.1172     91.0000      6.6583   -188.8073    -23.1754    214.6016   -423.7295  91 292
  3825.0000     23.1172     91.0000      4.6996   -133.2630    -12.6569    217.1379   -423.7295  91 292
  3855.0000     23.2724     91.0000      3.3939    -96.2399     -2.5871    229.2883   -424.6172  91 292
  3885.0000     24.0636     34.9979      2.6481    -75.0902     -3.1998    230.4214   -429.1689  35 292
  3915.0000     24.7185     34.9681      4.5855   -130.0278    -14.8191    207.6460   -432.9669  49 292
  3945.0000     23.8824     66.6146      6.4106   -181.7811    -22.1217    174.5673   -428.1273  83 292
  3975.0000     23.5376     85.1736      6.0499   -171.5538    -23.8351    179.7770   -426.1451  87 292
  4005.0000     23.5376     88.4229      5.0581   -143.4293    -20.0540    188.7620   -426.1451  89 292
  4035.0000     23.5376     89.0000      4.3276   -122.7144    -19.0187    178.3142   -426.1451  89 292
  4065.0000     23.5376     89.9410      5.2662   -149.3314    -20.5161    193.1359   -426.1451  90 292
  4095.0000     23.5376     90.0000      6.1037   -173.0809    -20.2420    205.7919   -426.1451  90 292
  4125.0000     23.5376     90.0000      6.9809   -197.9546    -20.1834    209.1326   -426.1451  90 292
  4155.0000     23.5376     90.1799      7.3079   -207.2259    -21.6326    220.3569   -426.1451  91 292
  4185.0000     23.5376     91.0000      5.5020   -156.0174    -13.5404    219.0843   -426.1451  91 292
  4215.0000     23.5715     91.0000      3.7092   -105.1787     -3.4758    214.9184   -426.3323  91 292
  4245.0000     24.0660     44.9993      2.7482    -77.9289     -5.5287    221.5927   -429.1825  45 292
  4275.0000     24.5983     40.4819      4.5881   -130.1013    -18.4496    213.2429   -432.2677  57 292
  4305.0000     23.9870     76.1687      6.7966   -192.7274    -26.3763    191.7910   -428.7273  87 292
  4335.0000     23.8619     88.2806      6.3509   -180.0896    -27.8410    180.3299   -428.0017  89 292
  4365.0000     23.8619     89.5062      5.0288   -142.6004    -22.3286    191.8352   -428.0017  90 292
  4395.0000     23.8619     90.0000      4.5139   -127.9971    -17.9257    204.1426   -428.0017  90 292
  4425.0000     23.8619     90.0000      5.8872   -166.9415    -23.7693    198.9979   -428.0017  90 292
  4455.0000     23.8619     90.5500      6.3729   -180.7144    -26.9586    191.6092   -428.0017  91 292
  4485.0000     23.8619     91.0000      6.0487   -171.5212    -22.9987    199.0477   -428.0017  91 292
  4515.0000     23.8619     91.0000      6.2367   -176.8495    -24.7882    204.3277   -428.0017  91 292
  4545.0000     23.8619     91.0000      4.8683   -138.0491    -16.8063    211.0252   -428.0017  91 292
  4575.0000     23.8969     91.0000      3.7584   -106.5748     -3.7152    230.1544   -428.2090  91 292
  4605.0000     24.2829     49.8194      2.6709    -75.7372    -11.5768    211.1842   -430.4371  50 292
  4635.0000     24.5897     49.2979      3.8125   -108.1091    -27.5724    187.1496   -432.2178  68 292
  4665.0000     24.1734     82.9604      6.5630   -186.1047    -28.7437    192.4667   -429.8010  88 292
  4695.0000     24.1541     89.1674      6.7051   -190.1326    -28.8129    195.8615   -429.6888  90 292
  4725.0000     24.1541     90.0000      5.5926   -158.5861    -25.0830    202.8767   -429.6888  90 292
  4755.0000     24.1541     90.7389      5.2580   -149.0984    -20.4436    214.7062   -429.6888  91 292
  4785.0000     24.1541     91.0000      6.3518   -180.1133    -22.5342    213.6129   -429.6888  91 292
  4815.0000     24.1541     91.0000      6.9569   -197.2740    -24.9397    209.6047   -429.6888  91 292
  4845.0000     24.1541     91.0000      6.9360   -196.6815    -25.7115    200.6965   -429.6888  91 292
  4875.0000     24.1541     91.0000      6.9498   -197.0711    -28.5192    203.0855   -429.6888  91 292
  4905.0000     24.1541     91.8118      6.4865   -183.9341    -22.2168    228.8625   -429.6888  92 292
  4935.0000     24.1541     92.0000      5.9345   -168.2823     -8.6874    241.7658   -429.6888  92 292
  4965.0000     24.2836     92.0000      3.6199   -102.6482     -5.2083    231.2308   -430.4413  92 292
  4995.0000     24.7953     39.9146      4.4823   -127.1026    -17.4791    210.2333   -433.4133  65 292
  5025.0000     24.3360     87.1715      7.3169   -207.4827    -26.9267    195.2200   -430.7445  92 292
  5055.0000     24.2365     92.0000      6.9917   -198.2597    -32.6461    185.8028   -430.1669  92 292
  5085.0000     24.2358     92.0000      5.7736   -163.7186    -29.3489    190.5015   -430.1626  92 292
  5115.0000     24.2358     92.0000      5.0991   -144.5934    -24.8908    205.5035   -430.1626  92 292
  5145.0000     24.2358     92.0000      6.4598   -183.1769    -25.7156    219.3268   -430.1626  92 292
  5175.0000     24.2358     92.0000      7.5730   -214.7435    -22.5330    222.7283   -430.1626  92 292
  5205.0000     24.2042     92.3632      8.0113   -227.1724    -20.3632    212.4365   -429.9782  93 292
  5235.0000     24.0568     93.9896      8.1011   -229.7194    -22.9181    214.5521   -429.1269  94 292
  5265.0000     24.0568     93.0000      6.3685   -180.5874    -17.0915    222.7686   -429.1263  93 292
  5295.0000     24.0568     93.0000      5.5480   -157.3228     -5.3576    234.7643   -429.1263  93 292
  5325.0000     24.1368     93.0000      4.5623   -129.3711      1.0971    245.0087   -429.5917  93 292
  5355.0000     24.4842     51.2465      5.0107   -142.0846     -9.7677    218.6646   -431.6045  72 292
  5385.0000     24.2974     82.7688      6.3954   -181.3515    -24.9604    191.2442   -430.5246  92 292
  5415.0000     24.2358     92.2847      6.5117   -184.6500    -30.5345    183.4414   -430.1626  93 292
  5445.0000     24.2358     93.0000      5.6833   -161.1588    -28.7884    185.7798   -430.1626  93 292
  5475.0000     24.2358     93.0000      5.1661   -146.4913    -25.2155    195.8256   -430.1626  93 292
  5505.0000     24.2358     93.0000      6.3962   -181.3731    -27.2953    211.5848   -430.1626  93 292
  5535.0000     24.2358     93.0000      7.6410   -216.6729    -26.3699    213.7263   -430.1626  93 292
  5565.0000     24.1960     93.4722      7.9609   -225.7417    -24.0894    202.6145   -429.9322  94 292
  5595.0000     24.0568     94.0000      7.7000   -218.3449    -22.0122    204.3283   -429.1269  94 292
  5625.0000     24.0568     94.0000      5.8649   -166.3071    -13.4276    212.1813   -429.1263  94 292
  5655.0000     24.0569     94.0000      4.7021   -133.3353     -2.4360    223.9286   -429.1282  94 292
  5685.0000     24.1825     93.5056      3.0381    -86.1504     -7.7810    210.4642   -429.8566  94 292
  5715.0000     24.5434     45.9840      3.6738   -104.1760    -25.2539    183.6652   -431.9490  73 292
  5745.0000     24.1520     92.0590      6.8360   -193.8436    -31.9418    172.5901   -429.6776  95 292
  5775.0000     23.8752     95.8556      6.8190   -193.3622    -30.7215    180.3000   -428.0794  96 292
  5805.0000     23.8619     95.0000      5.5514   -157.4176    -25.7582    193.9273   -428.0017  95 292
  5835.0000     23.8619     95.0000      5.0751   -143.9110    -22.5392    202.0579   -428.0017  95 292
  5865.0000     23.8619     95.0000      6.1921   -175.5850    -23.6136    209.9571   -428.0017  95 292
  5895.0000     23.8619     95.0000      7.0138   -198.8853    -24.1838    210.5699   -428.0017  95 292
  5925.0000     23.8619     95.0000      6.8573   -194.4494    -21.1627    208.1891   -428.0017  95 292
  5955.0000     23.8619     95.0000      6.5716   -186.3464    -17.2259    207.1917   -428.0017  95 292
  5985.0000     23.8619     95.0000      5.8855   -166.8931     -8.8866    221.9622   -428.0017  95 292
  6015.0000     23.8711     95.0000      4.8312   -136.9962      0.5255    241.7217   -428.0550  95 292
  6045.0000     24.2840     51.9833      2.8796    -81.6555     -4.3966    226.6997   -430.4432  52 292
  6075.0000     24.9843     32.9340      3.7233   -105.5793    -18.4338    202.0565   -434.5126  50 292
  6105.0000     24.3776     71.7479      6.6291   -187.9770    -25.7782    193.5811   -430.9891  88 292
  6135.0000     24.1538     90.6771      6.8785   -195.0504    -31.7154    189.5096   -429.6879  93 292
  6165.0000     24.1541     93.5785      5.5737   -158.0518    -28.0416    191.3141   -429.6888  94 292
  6195.0000     24.1541     94.0000      4.9555   -140.5199    -23.3143    192.7634   -429.6888  94 292
  6225.0000     24.1520     94.6924      6.9830   -198.0148    -26.7055    206.9667   -429.6767  95 292
  6255.0000     24.1214     95.0000      8.3123   -235.7078    -24.0838    215.1985   -429.5013  95 292
  6285.0000     24.1089     95.1507      8.2223   -233.1546    -22.4716    208.7498   -429.4297  96 292
  6315.0000     23.8680     96.9500      7.1858   -203.7644    -21.1471    209.6256   -428.0352  97 292
  6345.0000     23.8628     96.0000      5.2548   -149.0089    -12.9862    225.1695   -428.0050  96 292
  6375.0000     23.9213     96.0000      3.7952   -107.6182     -4.7484    238.3640   -428.3493  96 292
  6405.0000     24.5066     40.0000      2.9216    -82.8451     -5.6832    231.1891   -431.7333  40 292
  6435.0000     25.0020     42.0090      4.5661   -129.4780    -17.6911    211.2792   -434.6168  56 292
  6465.0000     24.3645     75.6431      6.6248   -187.8560    -26.7529    192.0550   -430.9129  91 292
  6495.0000     24.1541     92.8319      6.6628   -188.9329    -31.7007    188.7576   -429.6888  94 292
  6525.0000     24.1541     94.6729      5.7784   -163.8553    -28.8507    191.8426   -429.6888  95 292
  6555.0000     24.1541     95.0000      5.5326   -156.8837    -24.7812    202.6822   -429.6888  95 292
  6585.0000     24.1541     95.2535      6.3403   -179.7894    -28.5283    197.6745   -429.6888  96 292
  6615.0000     24.1541     96.0000      6.7335   -190.9386    -33.2515    195.5870   -429.6888  96 292
  6645.0000     24.1541     96.0000      7.1410   -202.4932    -30.6348    209.3797   -429.6888  96 292
  6675.0000     24.1541     96.0000      7.1737   -203.4208    -25.9727    209.5311   -429.6888  96 292
  6705.0000     24.1541     96.0000      5.8640   -166.2825    -14.6212    224.0725   -429.6888  96 292
  6735.0000     24.1587     96.0000      4.6792   -132.6849     -1.9173    243.1513   -429.7178  96 292
  6765.0000     24.4326     54.9965      3.5247    -99.9469     -3.1342    229.6003   -431.3039  55 292
  6795.0000     24.7881     49.0694      4.2356   -120.1064    -18.9845    187.7110   -433.3719  70 292
  6825.0000     24.3612     88.4181      6.2678   -177.7324    -28.7774    155.9326   -430.8891  96 292
  6855.0000     24.2515     96.0000      6.2828   -178.1590    -30.0673    156.5600   -430.2513  96 292
  6885.0000     24.2515     96.0000      5.2640   -149.2671    -24.4569    171.4131   -430.2513  96 292
  6915.0000     24.2515     96.0000      4.6805   -132.7237    -19.9947    184.4203   -430.2513  96 292
  6945.0000     24.2515     96.0000      5.8643   -166.2925    -22.4521    193.5472   -430.2513  96 292
  6975.0000     24.2515     96.0000      6.6919   -189.7600    -26.4794    205.4864   -430.2513  96 292
  7005.0000     24.2361     96.2264      7.2044   -204.2906    -27.8455    216.1532   -430.1639  97 292
  7035.0000     24.1214     97.0000      7.5103   -212.9663    -26.1440    219.1260   -429.5013  97 292
  7065.0000     24.1214     97.0000      5.7614   -163.3715    -14.6663    221.3411   -429.5013  97 292
  7095.0000     24.1283     97.0000      4.3967   -124.6743     -2.0761    226.5610   -429.5401  97 292
  7125.0000     24.4837     50.9958      3.4515    -97.8736     -1.4157    233.2492   -431.5999  51 292
  7155.0000     24.9491     45.2569      5.2078   -147.6734    -10.5371    223.1026   -434.3086  63 292
  7185.0000     24.4468     82.9583      7.1783   -203.5509    -23.1643    192.7711   -431.3897  96 292
  7215.0000     24.3165     96.0000      6.6385   -188.2453    -33.5686    179.0744   -430.6301  96 292
  7245.0000     24.3165     96.2514      5.8180   -164.9778    -27.3079    202.6570   -430.6301  97 292
  7275.0000     24.3165     97.0000      5.1042   -144.7361    -23.5995    202.3798   -430.6301  97 292
  7305.0000     24.3105     97.0431      6.8787   -195.0554    -31.2926    196.9853   -430.5965  98 292
  7335.0000     24.1551     98.0000      8.6455   -245.1547    -29.7623    215.4230   -429.6947  98 292
  7365.0000     23.9772     98.7139      8.8851   -251.9493    -26.1704    220.0181   -428.6703 100 292
  7395.0000     23.5184    100.0000      7.8716   -223.2110    -23.3033    217.9371   -426.0312 100 292
  7425.0000     23.5058    100.0000      5.1588   -146.2859    -13.3708    206.3120   -425.9579 100 292
  7455.0000     23.5764    100.0000      3.4880    -98.9064     -3.5924    211.4459   -426.3622 100 292
  7485.0000     24.0928     46.9632      2.9525    -83.7230     -4.5537    226.2366   -429.3370  47 292
  7515.0000     24.5774     42.4944      4.3094   -122.1989    -17.7782    199.1123   -432.1470  58 292
  7545.0000     23.9642     76.5090      6.3909   -181.2227    -26.4041    179.4536   -428.5976  87 292
  7575.0000     23.8296     90.1132      6.4887   -183.9969    -28.8445    188.3997   -427.8141  93 292
  7605.0000     23.8296     94.8125      5.5805   -158.2432    -27.7669    193.9701   -427.8141  96 292
  7635.0000     23.8296     97.0910      4.9631   -140.7361    -24.6981    197.6941   -427.8141  98 292
  7665.0000     23.8296     98.0000      6.4247   -182.1807    -25.2395    212.8957   -427.8141  98 292
  7695.0000     23.8079     98.6569      8.5104   -241.3243    -20.6911    233.0152   -427.6912  99 292
  7725.0000     23.6700     99.7868      9.0571   -256.8283    -21.0088    230.2767   -426.9012 101 292
  7755.0000     23.5058    100.0000      8.3354   -236.3637    -25.9044    229.0541   -425.9579 100 292
  7785.0000     23.5058    100.0000      6.1425   -174.1785    -14.1372    230.7461   -425.9579 100 292
  7815.0000     23.5160    100.0000      4.6587   -132.1051      0.5721    240.5333   -426.0151 100 292
  7845.0000     23.9554     52.9819      3.3619    -95.3321      0.7576    239.2140   -428.5441  53 292
  7875.0000     24.5938     36.8264      4.0640   -115.2401    -15.8780    198.5907   -432.2408  53 292
  7905.0000     23.9928     72.6125      5.9566   -168.9092    -26.1840    169.1564   -428.7612  85 292
  7935.0000     23.7789     91.3660      6.8288   -193.6396    -33.2638    165.1454   -427.5254  99 292
  7965.0000     23.6996     99.0000      5.7290   -162.4536    -28.5179    181.8883   -427.0678  99 292
  7995.0000     23.6996     99.0000      4.3711   -123.9502    -19.0401    204.2285   -427.0678  99 292
  8025.0000     23.6996     99.0000      5.9259   -168.0370    -22.7972    215.3622   -427.0678  99 292
  8055.0000     23.6996     99.5160      7.3348   -207.9901    -22.6825    220.0865   -427.0678 100 292
  8085.0000     23.6996    100.0000      7.5792   -214.9191    -22.5348    215.7352   -427.0678 100 292
  8115.0000     23.6996    100.0000      6.9767   -197.8346    -21.9551    214.6310   -427.0678 100 292
  8145.0000     23.6996    100.0000      5.0696   -143.7552    -12.4123    229.1129   -427.0678 100 292
  8175.0000     23.8193    100.0000      3.3007    -93.5951     -6.0331    237.3334   -427.7596 100 292
  8205.0000     24.5075     35.9986      2.4856    -70.4825     -8.8893    223.4938   -431.7381  36 292
  8235.0000     24.9711     41.2208      4.0829   -115.7753    -20.8863    200.2791   -434.4372  53 292
  8265.0000     24.3180     70.6819      6.1952   -175.6736    -28.3753    179.7188   -430.6443  86 292
  8295.0000     24.0568     88.2410      6.4909   -184.0582    -31.6478    164.2808   -429.1263  90 292
  8325.0000     24.0568     92.4896      5.6385   -159.8873    -26.9181    177.9165   -429.1263  95 292
  8355.0000     24.0568     96.0979      4.9439   -140.1918    -22.5407    191.5771   -429.1263  97 292
  8385.0000     24.0568     97.5840      6.1454   -174.2607    -28.7251    190.4612   -429.1263  98 292
  8415.0000     24.0568     98.0000      7.2658   -206.0315    -28.7585    206.1343   -429.1263  98 292
  8445.0000     24.0479     98.9451      7.9045   -224.1445    -27.3309    217.5444   -429.0772 100 292
  8475.0000     23.8638    100.0000      7.4909   -212.4153    -23.6741    226.6435   -428.0110 100 292
  8505.0000     23.8628    100.0000      5.7274   -162.4089    -12.7109    231.1410   -428.0051 100 292
  8535.0000     23.8669    100.0000      4.5711   -129.6216     -2.8725    233.9413   -428.0324 100 292
  8565.0000     24.2416     53.0000      3.0553    -86.6364     -3.7280    229.2949   -430.1974  53 292
  8595.0000     24.7983     39.3743      4.0183   -113.9440    -19.7059    195.7622   -433.4305  58 292
  8625.0000     24.2132     78.8743      6.1514   -174.4307    -29.3002    163.6621   -430.0344  89 292
  8655.0000     24.1214     91.3875      6.5441   -185.5688    -31.5859    158.7864   -429.5013  94 292
  8685.0000     24.1214     96.0861      5.5139   -156.3549    -24.4334    182.7510   -429.5013  98 292
  8715.0000     24.1214     98.2681      4.3739   -124.0284    -18.1141    197.1653   -429.5013  99 292
  8745.0000     24.1214     99.0000      5.4871   -155.5956    -24.1059    196.0514   -429.5013  99 292
  8775.0000     24.1214     99.0000      6.7928   -192.6199    -25.1023    204.9543   -429.5013  99 292
  8805.0000     24.1214     99.5868      7.6135   -215.8919    -24.3303    208.7577   -429.5013 100 292
  8835.0000     24.1214    100.0000      7.7687   -220.2918    -27.1857    215.1950   -429.5013 100 292
  8865.0000     24.1214    100.0000      6.1465   -174.2922    -16.3467    233.8844   -429.5013 100 292
  8895.0000     24.1280    100.0000      4.7111   -133.5897     -2.3251    238.4746   -429.5387 100 292
  8925.0000     24.4697     51.9917      3.3123    -93.9248     -2.1657    225.7691   -431.5187  52 292
  8955.0000     24.9563     43.0028      4.3343   -122.9053    -16.6910    205.5931   -434.3505  60 292
  8985.0000     24.4636     80.5757      6.3994   -181.4631    -27.9058    174.9760   -431.4854  96 292
  9015.0000     24.3165     97.6521      6.2926   -178.4363    -30.2845    167.0719   -430.6301  98 292
  9045.0000     24.3165     98.9243      5.2420   -148.6440    -25.7116    179.6073   -430.6301  99 292
  9075.0000     24.3165     99.0000      4.6337   -131.3961    -21.8311    194.2151   -430.6301  99 292
  9105.0000     24.3165     99.4160      5.9904   -169.8661    -26.3924    196.1600   -430.6301 100 292
  9135.0000     24.3165    100.0000      7.9061   -224.1885    -28.0777    203.9288   -430.6301 100 292
  9165.0000     24.1070    101.1375      8.9429   -253.5890    -26.5861    221.1299   -429.4221 103 292
  9195.0000     23.5759    103.0000      7.6644   -217.3359    -21.7226    224.0400   -426.3516 103 292
  9225.0000     23.5707    103.0000      5.2004   -147.4643     -8.6960    229.6100   -426.3222 103 292
  9255.0000     23.7817    101.2562      3.0376    -86.1359     -4.6846    225.6048   -427.5432 102 292
  9285.0000     24.5345     33.0000      2.3301    -66.0725     -8.4952    218.9252   -431.8946  33 292
  9315.0000     24.9761     40.6729      4.3280   -122.7277    -18.8273    198.7998   -434.4661  53 292
  9345.0000     24.2094     71.0681      6.1089   -173.2277    -26.2204    166.7014   -430.0155  84 292
  9375.0000     23.9592     86.8444      6.1001   -172.9764    -25.4294    167.6707   -428.5638  89 292
  9405.0000     23.9592     91.2757      5.3499   -151.7055    -17.6341    196.7161   -428.5638  94 292
  9435.0000     23.9592     95.5563      4.6779   -132.6491    -13.9646    208.7953   -428.5638  97 292
  9465.0000     23.9592     98.5514      5.6604   -160.5088    -19.0695    208.3673   -428.5638  99 292
  9495.0000     23.9592     99.9708      6.2522   -177.2912    -21.9590    206.6790   -428.5638 100 292
  9525.0000     23.9592    100.5833      6.3223   -179.2789    -23.2750    202.5884   -428.5638 101 292
  9555.0000     23.9592    101.0000      6.9696   -197.6331    -24.4341    217.1075   -428.5638 101 292
  9585.0000     23.9593    101.0000      5.1777   -146.8205    -13.4725    226.0591   -428.5645 101 292
  9615.0000     24.1466     65.9403      3.5827   -101.5932     -1.6948    225.4577   -429.6486  66 292
  9645.0000     24.7302     41.8361      2.9174    -82.7274     -4.2689    220.6676   -433.0317  42 292
  9675.0000     25.2029     42.1458      4.3870   -124.3984    -17.1044    206.8302   -435.7884  56 292
  9705.0000     24.5405     74.8132      6.5648   -186.1547    -23.0530    188.5943   -431.9329  88 292
  9735.0000     24.3163     90.2569      6.5672   -186.2234    -26.8647    175.3409   -430.6263  92 292
  9765.0000     24.3163     94.3556      5.6979   -161.5721    -23.9169    184.7141   -430.6263  96 292
  9795.0000     24.3163     97.6146      4.8150   -136.5363    -19.9598    196.6208   -430.6263  99 292
  9825.0000     24.3096     99.2167      6.3379   -179.7221    -26.1438    198.3214   -430.5882 100 292
  9855.0000     24.2837    100.0000      7.1011   -201.3622    -30.9249    195.6820   -430.4391 100 292
  9885.0000     24.2704    100.5007      7.1854   -203.7533    -32.7489    205.5513   -430.3640 102 292
  9915.0000     24.1253    102.0000      6.8836   -195.1939    -29.5682    215.0632   -429.5239 102 292
  9945.0000     24.1216    102.0000      4.4232   -125.4262    -17.3768    214.5253   -429.5023 102 292
  9975.0000     24.1637    100.2840      3.3997    -96.4033     -7.3663    224.3002   -429.7504 102 292
 10005.0000     24.5513     54.9938      3.2005    -90.7552     -4.7910    228.5026   -431.9927  55 292
 10035.0000     24.8997     49.4479      4.4032   -124.8584    -18.4721    186.5020   -434.0222  70 292
 10065.0000     24.2848     94.8187      6.2765   -177.9785    -30.1032    144.8416   -430.4490 102 292
 10095.0000     24.1214    102.0000      6.3572   -180.2665    -30.1105    152.6212   -429.5013 102 292
 10125.0000     24.1214    102.0000      5.1953   -147.3211    -23.3210    172.7496   -429.5013 102 292
 10155.0000     24.1214    102.0000      5.1265   -145.3699    -19.4966    198.5616   -429.5013 102 292
 10185.0000     24.1214    102.0000      6.3256   -179.3715    -22.5437    211.1447   -429.5013 102 292
 10215.0000     24.1214    102.0000      6.8351   -193.8197    -24.1052    206.6341   -429.5013 102 292
 10245.0000     24.1214    102.0000      6.7036   -190.0894    -30.3874    204.0336   -429.5013 102 292
 10275.0000     24.1214    102.0000      6.1478   -174.3300    -29.1615    204.1540   -429.5013 102 292
 10305.0000     24.1214    102.3785      4.8505   -137.5442    -14.7940    213.7596   -429.5013 103 292
 10335.0000     24.1835    103.0000      3.6140   -102.4794     -5.5603    226.0830   -429.8644 103 292
 10365.0000     24.7108     40.9993      2.5920    -73.4990    -10.5980    218.4996   -432.9188  41 292
 10395.0000     25.0461     46.9181      4.0179   -113.9346    -25.7458    188.7633   -434.8752  63 292
 10425.0000     24.4227     85.8674      6.3906   -181.2144    -29.7112    165.0255   -431.2463  98 292
 10455.0000     24.3164     99.6507      6.6245   -187.8478    -31.4946    166.2668   -430.6266 101 292
 10485.0000     24.3164    101.0000      5.6707   -160.8014    -28.1433    177.8338   -430.6266 101 292
 10515.0000     24.3164    101.2111      5.3663   -152.1695    -26.2009    190.3451   -430.6266 102 292
 10545.0000     24.3163    102.0000      7.3245   -207.6956    -33.8168    202.1645   -430.6263 102 292
 10575.0000     24.2839    102.0000      8.1666   -231.5748    -34.1524    206.8835   -430.4432 102 292
 10605.0000     24.2215    102.5569      7.9074   -224.2259    -33.1093    210.6905   -430.0798 104 292
 10635.0000     24.1214    103.0000      7.1797   -203.5901    -30.1601    212.6757   -429.5013 103 292
 10665.0000     24.1214    103.0000      4.9490   -140.3367    -14.7681    210.3800   -429.5013 103 292
 10695.0000     24.1972    103.0000      3.6266   -102.8364     -3.9276    229.4181   -429.9430 103 292
 10725.0000     24.7585     43.9986      2.6984    -76.5173     -8.9553    230.9936   -433.1962  44 292
 10755.0000     25.1993     43.1493      3.9100   -110.8739    -23.8482    189.0475   -435.7691  59 292
 10785.0000     24.4914     83.1722      6.5381   -185.3966    -29.1950    169.0923   -431.6466  99 292
 10815.0000     24.3165    100.6056      6.7592   -191.6685    -30.6578    174.6339   -430.6301 101 292
 10845.0000     24.3165    101.8403      6.0228   -170.7865    -28.4655    185.3927   -430.6301 102 292
 10875.0000     24.3165    102.0000      5.7308   -162.5051    -24.2432    201.0685   -430.6301 102 292
 10905.0000     24.3165    102.0382      6.6208   -187.7414    -26.6153    204.7682   -430.6301 103 292
 10935.0000     24.3165    103.0000      6.8168   -193.3003    -28.7285    205.4824   -430.6301 103 292
 10965.0000     24.3165    103.0000      6.5347   -185.2999    -25.1492    210.3207   -430.6301 103 292
 10995.0000     24.3165    103.0000      6.9392   -196.7707    -24.6847    219.4242   -430.6301 103 292
 11025.0000     24.3165    103.0000      5.5810   -158.2576    -13.7399    223.4136   -430.6301 103 292
 11055.0000     24.4067    103.0000      3.5438   -100.4894     -2.8497    222.9530   -431.1548 103 292
 11085.0000     25.0108     37.9743      2.4269    -68.8182     -9.3507    215.3583   -434.6655  38 292
 11115.0000     25.3775     44.1618      4.0235   -114.0933    -23.6867    188.5968   -436.8114  59 292
 11145.0000     24.7010     80.5215      6.5841   -186.7006    -27.9746    175.2258   -432.8582  92 292
 11175.0000     24.5356     98.4757      6.6346   -188.1348    -27.7659    184.2596   -431.9026 101 292
 11205.0000     24.5273    101.2361      5.5911   -158.5429    -21.9461    194.6358   -431.8540 102 292
 11235.0000     24.5273    102.0000      5.1785   -146.8432    -19.7368    199.0412   -431.8540 102 292
 11265.0000     24.5273    102.0000      6.5653   -186.1683    -21.4681    214.6396   -431.8540 102 292
 11295.0000     24.5273    102.6049      7.3951   -209.6998    -19.6116    223.3377   -431.8540 103 292
 11325.0000     24.5217    103.0000      7.5766   -214.8466    -21.8485    217.1572   -431.8157 103 292
 11355.0000     24.5116    103.0000      7.6118   -215.8451    -25.0965    218.5867   -431.7554 103 292
 11385.0000     24.5116    103.0000      6.4466   -182.8026    -17.9984    231.4572   -431.7554 103 292
 11415.0000     24.5122    103.0000      5.1008   -144.6402     -6.5479    244.8389   -431.7599 103 292
 11445.0000     24.7729    102.6979      3.3333    -94.5195     -4.2552    241.3662   -433.2802 103 292
 11475.0000     25.2603     44.6111      4.7128   -133.6398    -15.4876    219.3245   -436.1254  64 292
 11505.0000     24.7798     85.4479      7.0105   -198.7928    -25.2969    190.0010   -433.3235  96 292
 11535.0000     24.7066     99.1806      6.8956   -195.5351    -30.4567    180.1178   -432.8951 101 292
 11565.0000     24.7066    101.6167      5.8996   -167.2913    -27.3829    193.1077   -432.8951 102 292
 11595.0000     24.7066    102.0000      5.3562   -151.8832    -24.6073    202.8268   -432.8951 102 292
 11625.0000     24.7066    102.6312      6.8986   -195.6193    -29.3890    207.9705   -432.8951 103 292
 11655.0000     24.7066    103.0000      8.2732   -234.5986    -27.8891    215.4533   -432.8951 103 292
 11685.0000     24.7066    103.0000      8.2010   -232.5506    -23.9233    216.3477   -432.8951 103 292
 11715.0000     24.7066    103.0000      7.5598   -214.3682    -25.3293    223.5308   -432.8951 103 292
 11745.0000     24.7066    103.0000      5.6625   -160.5698    -16.6491    227.8830   -432.8951 103 292
 11775.0000     24.7182    103.0000      3.9059   -110.7576     -7.0020    225.3205   -432.9629 103 292
 11805.0000     25.0761     48.9715      2.5345    -71.8707    -12.7181    214.7846   -435.0468  49 292
 11835.0000     25.4197     48.4757      3.9638   -112.4005    -26.0068    194.7404   -437.0582  68 292
 11865.0000     24.9645     86.2875      6.7283   -190.7900    -30.6550    177.7454   -434.3956  98 292
 11895.0000     24.7776    102.8785      7.0627   -200.2728    -31.0998    174.3645   -433.3086 103 292
 11925.0000     24.7712    103.0000      6.2078   -176.0318    -27.6670    187.1404   -433.2710 103 292
 11955.0000     24.7712    103.0000      5.5341   -156.9272    -22.9202    209.9940   -433.2710 103 292
 11985.0000     24.7712    103.7993      6.7729   -192.0564    -26.0376    218.9247   -433.2710 104 292
 12015.0000     24.7712    104.0000      7.7655   -220.2027    -31.3972    213.0585   -433.2710 104 292
 12045.0000     24.7532    104.0000      7.9312   -224.9003    -31.7383    216.0818   -433.1685 104 292
 12075.0000     24.7386    104.0000      7.6355   -216.5150    -29.7908    223.7276   -433.0836 104 292
 12105.0000     24.7386    104.0000      5.3588   -151.9557    -18.6384    230.4579   -433.0836 104 292
 12135.0000     24.7825    104.0000      3.6731   -104.1561     -6.9136    236.8213   -433.3349 104 292
 12165.0000     25.2800     44.9833      2.8349    -80.3889     -7.8228    230.0654   -436.2377  45 292
 12195.0000     25.6784     45.8708      4.4706   -126.7701    -23.4683    204.1410   -438.5753  64 292
 12225.0000     25.0258     87.9153      7.0783   -200.7146    -31.8511    181.8849   -434.7527 102 292
 12255.0000     24.9010    102.6312      6.7981   -192.7700    -28.8620    181.0412   -434.0261 103 292
 12285.0000     24.9010    103.0000      5.8867   -166.9264    -23.0286    201.4497   -434.0261 103 292
 12315.0000     24.9010    103.2479      5.8112   -164.7849    -23.5039    207.6400   -434.0261 104 292
 12345.0000     24.9010    104.0000      6.7669   -191.8844    -28.0633    206.8350   -434.0261 104 292
 12375.0000     24.9010    104.0000      8.1224   -230.3224    -29.6676    216.5945   -434.0261 104 292
 12405.0000     24.8242    104.5292      9.2569   -262.4943    -33.0311    226.5826   -433.5848 107 292
 12435.0000     24.1698    107.8153      8.0160   -227.3048    -27.6413    236.6989   -429.7831 108 292
 12465.0000     24.1214    107.0000      5.6927   -161.4255    -14.7689    234.7941   -429.5013 107 292
 12495.0000     24.2664    107.0000      3.3376    -94.6424     -4.4609    232.9442   -430.3413 107 292
 12525.0000     25.0529     32.6951      2.7908    -79.1384     -7.7521    233.9517   -434.9113  36 292
 12555.0000     25.3647     44.0847      4.7504   -134.7044    -20.2310    216.7334   -436.7367  56 292
 12585.0000     24.6695     75.0979      6.5796   -186.5748    -26.9441    184.8533   -432.6801  89 292
 12615.0000     24.4457     91.6535      6.4365   -182.5165    -27.5928    174.3939   -431.3801  94 292
 12645.0000     24.4457     96.0118      5.3181   -150.8039    -23.0046    191.9958   -431.3800  98 292
 12675.0000     24.4457     99.9486      4.8890   -138.6358    -20.4921    204.9778   -431.3800 102 292
 12705.0000     24.4457    102.8014      6.5046   -184.4472    -25.4869    210.4928   -431.3800 104 292
 12735.0000     24.4457    104.0000      8.1587   -231.3532    -24.8365    219.9118   -431.3800 104 292
 12765.0000     24.4457    105.0000      8.1300   -230.5381    -22.2689    221.4394   -431.3800 105 292
 12795.0000     24.4457    105.0000      7.0747   -200.6143    -21.8149    222.7332   -431.3800 105 292
 12825.0000     24.4477    105.0000      4.5591   -129.2813    -11.6946    220.0292   -431.3920 105 292
 12855.0000     24.6552     53.4903      3.5134    -99.6267     -5.5792    223.6979   -432.5959  57 292
 12885.0000     25.0376     56.9875      3.0938    -87.7293     -9.8277    231.3614   -434.8225  57 292
 12915.0000     25.4115     49.3806      4.6438   -131.6821    -20.3145    219.0240   -437.0102  66 292
 12945.0000     24.8622     83.8493      7.0259   -199.2310    -26.1045    197.3527   -433.8043  92 292
 12975.0000     24.7545     95.3910      7.2566   -205.7724    -33.3887    177.4589   -433.1739 103 292
 13005.0000     24.6736    103.5500      6.0677   -172.0597    -27.5735    190.7108   -432.7073 104 292
 13035.0000     24.6736    104.0000      5.6818   -161.1163    -21.3118    213.5584   -432.7073 104 292
 13065.0000     24.6736    104.8396      6.7877   -192.4747    -26.2723    212.7372   -432.7073 105 292
 13095.0000     24.6736    105.0000      7.4707   -211.8415    -27.6456    216.8656   -432.7073 105 292
 13125.0000     24.6736    105.0000      7.8521   -222.6576    -25.7339    222.3262   -432.7073 105 292
 13155.0000     24.6736    105.0000      7.3451   -208.2812    -24.7043    227.1496   -432.7073 105 292
 13185.0000     24.6736    105.0000      6.0426   -171.3470    -14.5075    240.1193   -432.7073 105 292
 13215.0000     24.6913    105.9118      4.6381   -131.5200     -2.5236    245.6435   -432.8088 106 292
 13245.0000     25.1238     45.8472      2.9489    -83.6201     -7.1166    227.8891   -435.3249  46 292
 13275.0000     25.5964     42.4097      4.1327   -117.1897    -23.8750    202.6237   -438.0934  61 292
 13305.0000     25.0202     81.1535      6.7116   -190.3181    -28.3073    179.7800   -434.7261  89 292
