 1.00	15.00	294.70	84.62	 1.84	222.18	387.64	90403.77
 1.00	45.00	294.56	89.80	 0.22	208.08	389.07	90252.31
 1.00	75.00	294.47	89.40	 1.40	201.02	392.10	90371.64
 1.00	105.00	293.86	87.43	 2.05	182.74	386.17	90460.94
 1.00	135.00	292.42	77.17	 2.32	206.16	356.60	90752.68
 1.00	165.00	290.43	70.36	 2.61	205.74	331.89	90935.17
 1.00	195.00	290.41	68.48	 2.47	203.28	335.18	91000.64
 1.00	225.00	292.02	62.18	 2.51	242.21	332.81	90701.52
 1.00	255.00	294.64	48.58	 2.94	287.00	337.61	90644.00
 1.00	285.00	297.41	42.22	 3.37	316.26	355.18	90471.26
 1.00	315.00	297.06	60.98	 2.68	271.65	379.38	90309.16
 1.00	345.00	295.44	79.78	 1.61	228.36	387.96	90398.55
 2.00	375.00	294.45	89.44	 0.19	201.85	390.07	90306.31
 2.00	405.00	295.55	80.38	 1.93	259.47	380.30	90324.22
 2.00	435.00	294.36	86.34	 1.16	208.62	385.35	90370.14
 2.00	465.00	294.04	84.53	 1.80	196.81	381.57	90463.82
 2.00	495.00	292.80	72.43	 2.29	220.11	350.10	90707.78
 2.00	525.00	290.25	66.95	 2.40	216.23	325.11	90925.85
 2.00	555.00	290.42	63.20	 2.80	209.04	328.27	91006.12
 2.00	585.00	292.39	54.11	 2.87	244.71	332.37	90898.61
 2.00	615.00	295.68	43.95	 2.84	286.47	345.25	90613.48
 2.00	645.00	297.63	40.23	 3.31	296.71	360.59	90525.77
 2.00	675.00	298.91	41.52	 3.00	306.33	371.33	90321.97
 2.00	705.00	295.03	83.81	 1.60	213.76	388.14	90311.81
 3.00	735.00	295.46	80.58	 1.85	249.31	382.30	90374.92
 3.00	765.00	294.50	91.30	 0.66	195.36	394.33	90274.41
 3.00	795.00	294.91	83.29	 1.81	224.83	382.37	90384.94
 3.00	825.00	294.22	75.95	 2.18	207.76	374.29	90495.32
 3.00	855.00	292.51	69.95	 2.39	200.83	354.92	90699.75
 3.00	885.00	290.55	65.55	 2.42	210.31	326.46	90900.18
 3.00	915.00	290.41	59.99	 2.45	221.18	321.62	90870.92
 3.00	945.00	292.86	52.33	 2.48	252.91	330.49	90736.39
 3.00	975.00	295.17	44.16	 2.76	274.48	348.25	90629.80
 3.00	1005.00	296.30	53.35	 3.03	271.45	366.57	90506.16
 3.00	1035.00	298.08	48.23	 2.81	298.92	370.42	90312.54
 3.00	1065.00	295.51	77.38	 1.84	241.01	383.85	90405.41
 4.00	1095.00	295.15	85.72	 0.96	222.91	386.07	90238.67
 4.00	1125.00	294.99	85.92	 0.64	224.63	384.63	90198.42
 4.00	1155.00	294.51	87.24	 1.35	210.16	386.26	90351.41
 4.00	1185.00	293.89	85.95	 1.81	187.77	383.94	90476.97
 4.00	1215.00	292.50	76.87	 2.44	195.55	362.21	90663.03
 4.00	1245.00	291.36	69.26	 2.39	197.43	342.82	90891.74
 4.00	1275.00	290.87	65.64	 2.53	200.63	336.14	90897.12
 4.00	1305.00	292.03	59.24	 2.69	225.58	339.25	90840.72
 4.00	1335.00	294.51	49.80	 2.96	266.72	347.15	90678.91
 4.00	1365.00	295.79	62.07	 3.00	259.79	371.63	90465.63
 4.00	1395.00	296.30	69.11	 2.13	248.76	384.43	90306.83
 4.00	1425.00	295.32	84.22	 1.23	228.71	387.51	90303.05
 5.00	1455.00	295.06	88.28	 0.76	208.27	391.63	90393.57
 5.00	1485.00	295.40	87.24	 0.60	216.10	390.71	90324.43
 5.00	1515.00	295.26	86.51	 1.48	212.99	390.16	90434.13
 5.00	1545.00	294.59	83.15	 2.15	207.32	381.71	90536.60
 5.00	1575.00	293.52	77.49	 2.33	211.63	360.68	90623.44
 5.00	1605.00	291.67	73.09	 2.17	194.67	347.28	90788.48
 5.00	1635.00	291.19	69.04	 2.30	199.25	341.11	90832.52
 5.00	1665.00	291.78	62.68	 2.46	231.21	340.11	90827.56
 5.00	1695.00	294.51	47.31	 2.92	288.80	337.19	90648.82
 5.00	1725.00	296.23	47.22	 3.01	295.09	355.72	90479.67
 5.00	1755.00	297.93	44.88	 2.78	311.37	363.95	90416.67
 5.00	1785.00	295.67	74.14	 0.85	228.41	386.27	90290.08
 6.00	1815.00	294.04	88.93	 1.04	209.34	384.38	90152.42
 6.00	1845.00	294.02	90.50	 0.38	202.06	388.42	90131.30
 6.00	1875.00	294.16	87.97	 1.80	201.34	387.15	90373.05
 6.00	1905.00	293.59	81.86	 2.30	209.07	372.43	90500.47
 6.00	1935.00	292.28	77.84	 2.29	203.70	354.19	90643.14
 6.00	1965.00	290.48	76.43	 2.30	176.62	345.26	90916.34
 6.00	1995.00	290.09	74.86	 2.19	180.95	337.82	90838.99
 6.00	2025.00	291.02	60.73	 2.35	242.86	329.31	90805.96
 6.00	2055.00	294.79	45.34	 2.81	300.75	332.28	90544.99
 6.00	2085.00	296.32	48.04	 3.38	300.77	355.26	90489.59
 6.00	2115.00	296.42	60.89	 2.85	279.81	375.14	90380.27
 6.00	2145.00	294.72	83.34	 1.55	213.21	389.47	90223.32
 7.00	2175.00	294.71	84.55	 1.45	233.37	383.81	90254.35
 7.00	2205.00	293.89	87.97	 1.09	191.78	385.56	90123.19
 7.00	2235.00	294.57	83.81	 1.75	226.52	379.83	90318.32
 7.00	2265.00	293.40	82.57	 2.15	199.52	375.56	90471.07
 7.00	2295.00	292.54	73.59	 2.25	209.98	352.98	90650.49
 7.00	2325.00	290.73	68.85	 2.21	205.66	335.40	90896.46
 7.00	2355.00	290.25	67.31	 2.32	210.98	327.26	90878.32
 7.00	2385.00	291.63	56.87	 2.72	233.79	333.10	90875.67
 7.00	2415.00	294.51	52.55	 2.83	270.92	346.34	90583.33
 7.00	2445.00	296.17	46.36	 3.35	298.49	356.51	90491.42
 7.00	2475.00	295.54	68.28	 2.37	248.30	378.15	90422.14
 7.00	2505.00	295.15	81.98	 1.86	228.11	387.89	90305.53
 8.00	2535.00	294.09	89.88	 0.48	187.73	391.70	90317.45
 8.00	2565.00	294.49	85.79	 0.58	236.63	381.37	90245.75
 8.00	2595.00	294.21	87.37	 1.59	205.38	386.71	90344.66
 8.00	2625.00	294.01	83.83	 2.44	203.73	378.47	90484.90
 8.00	2655.00	292.46	76.12	 2.32	208.56	354.13	90699.17
 8.00	2685.00	290.49	68.83	 2.42	214.15	328.79	90830.63
 8.00	2715.00	290.03	62.52	 2.34	219.88	320.55	90974.29
 8.00	2745.00	292.22	55.86	 2.45	259.14	326.45	90768.61
 8.00	2775.00	294.51	47.90	 2.92	285.17	339.52	90711.05
 8.00	2805.00	296.87	49.17	 2.90	290.63	363.32	90444.01
 8.00	2835.00	295.89	69.73	 2.79	255.38	380.70	90415.34
 8.00	2865.00	294.90	86.07	 1.15	204.14	392.77	90366.03
 9.00	2895.00	294.66	88.81	 0.88	205.95	389.24	90346.18
 9.00	2925.00	294.86	87.34	 1.12	223.93	386.13	90370.93
 9.00	2955.00	294.94	87.51	 1.09	208.12	390.13	90265.94
 9.00	2985.00	294.23	80.21	 1.96	226.04	371.70	90513.88
 9.00	3015.00	293.22	73.66	 2.40	221.21	353.19	90650.03
 9.00	3045.00	290.57	67.01	 2.35	216.23	328.17	90897.45
 9.00	3075.00	290.65	64.96	 2.20	226.14	322.72	90820.72
 9.00	3105.00	292.80	60.46	 2.74	230.08	343.49	90785.65
 9.00	3135.00	295.47	47.65	 2.90	285.46	346.64	90588.16
 9.00	3165.00	296.71	49.07	 3.00	295.83	362.15	90496.09
 9.00	3195.00	297.71	53.42	 2.78	290.96	373.91	90412.15
 9.00	3225.00	297.37	65.33	 2.00	273.12	382.21	90383.03
10.00	3255.00	295.10	86.28	 0.58	216.76	387.29	90273.18
10.00	3285.00	295.13	84.61	 1.48	232.58	384.43	90278.21
10.00	3315.00	295.39	81.32	 1.08	227.93	383.43	90345.98
10.00	3345.00	295.18	75.68	 2.32	231.96	373.62	90450.60
10.00	3375.00	292.88	69.64	 2.40	211.88	351.87	90757.59
10.00	3405.00	292.19	66.17	 2.48	205.50	343.29	90806.01
10.00	3435.00	291.71	62.49	 2.33	209.24	336.46	90808.45
10.00	3465.00	292.98	53.81	 2.53	241.58	339.19	90713.09
10.00	3495.00	295.30	41.78	 3.01	294.10	338.85	90574.34
10.00	3525.00	296.97	47.25	 3.25	292.57	361.90	90411.81
10.00	3555.00	296.43	59.76	 2.87	271.14	375.16	90478.75
10.00	3585.00	295.63	75.82	 2.18	237.22	385.00	90355.84
11.00	3615.00	293.92	90.04	 1.11	185.64	386.65	90181.67
11.00	3645.00	294.32	89.71	 0.89	203.84	387.15	90275.78
11.00	3675.00	294.08	89.19	 0.94	188.04	386.67	90273.66
11.00	3705.00	293.38	85.39	 2.34	190.53	374.32	90538.24
11.00	3735.00	292.24	79.62	 2.39	196.75	354.73	90778.15
11.00	3765.00	290.51	73.52	 2.28	201.60	331.54	90942.53
11.00	3795.00	290.45	67.22	 2.44	204.72	330.72	90956.06
11.00	3825.00	291.96	58.71	 2.66	237.75	332.04	90823.52
11.00	3855.00	294.29	51.59	 2.70	282.33	341.31	90566.78
11.00	3885.00	296.59	47.03	 3.13	299.25	356.03	90516.91
11.00	3915.00	296.80	57.95	 2.69	280.05	372.79	90400.99
11.00	3945.00	294.92	86.16	 0.82	211.26	387.67	90321.80
12.00	3975.00	294.77	84.96	 1.17	227.46	380.97	90358.88
12.00	4005.00	294.94	87.28	 0.33	214.97	387.32	90320.13
12.00	4035.00	295.03	80.07	 1.69	239.07	378.30	90502.79
12.00	4065.00	294.65	80.59	 1.80	211.02	378.07	90438.72
12.00	4095.00	293.25	75.92	 2.47	202.90	360.34	90702.80
12.00	4125.00	292.02	66.31	 2.26	210.03	337.36	90901.21
12.00	4155.00	290.99	61.61	 2.58	221.60	324.69	90909.58
12.00	4185.00	291.90	58.49	 2.69	232.55	335.65	90938.79
12.00	4215.00	294.09	53.38	 2.83	269.23	344.78	90717.59
12.00	4245.00	297.08	42.91	 3.16	312.52	352.52	90487.62
12.00	4275.00	297.45	53.58	 2.96	285.96	375.90	90425.70
12.00	4305.00	297.05	65.04	 2.07	270.29	380.88	90336.52
13.00	4335.00	294.91	87.39	 1.06	214.72	388.56	90382.58
13.00	4365.00	295.49	85.37	 0.84	231.27	384.02	90283.88
13.00	4395.00	294.90	86.12	 1.58	211.04	387.20	90362.18
13.00	4425.00	293.73	81.45	 2.34	209.43	373.25	90547.07
13.00	4455.00	293.66	73.39	 2.37	202.52	363.23	90651.06
13.00	4485.00	291.03	65.99	 2.22	223.69	327.54	90811.70
13.00	4515.00	290.92	63.62	 2.66	210.73	331.26	90966.03
13.00	4545.00	292.39	56.95	 2.58	245.68	333.94	90855.53
13.00	4575.00	294.91	44.14	 2.99	297.24	333.35	90684.78
13.00	4605.00	296.60	49.19	 2.96	285.28	361.23	90428.44
13.00	4635.00	297.13	56.94	 2.98	282.18	375.81	90451.03
13.00	4665.00	295.41	78.36	 1.32	234.63	384.87	90369.23
14.00	4695.00	295.01	84.79	 1.34	236.98	381.47	90412.10
14.00	4725.00	295.28	83.36	 0.44	242.93	379.20	90351.12
14.00	4755.00	295.21	84.27	 1.44	221.39	385.94	90403.56
14.00	4785.00	294.49	80.24	 2.20	220.23	374.50	90512.81
14.00	4815.00	293.66	74.88	 2.40	205.60	361.35	90660.88
14.00	4845.00	291.83	68.29	 2.43	204.77	341.06	90813.25
14.00	4875.00	290.56	62.27	 2.76	214.32	326.53	91000.33
14.00	4905.00	291.84	54.61	 2.83	247.59	327.08	90962.53
14.00	4935.00	294.93	43.49	 3.07	288.71	337.08	90641.88
14.00	4965.00	297.53	37.29	 3.14	312.32	350.41	90453.96
14.00	4995.00	297.05	54.59	 2.76	262.01	374.02	90385.40
14.00	5025.00	297.01	62.43	 2.42	276.77	379.19	90343.12
15.00	5055.00	295.01	82.83	 0.60	215.31	386.31	90351.58
15.00	5085.00	294.61	87.88	 0.90	212.77	385.92	90300.98
15.00	5115.00	294.03	89.69	 0.98	196.94	387.90	90437.76
15.00	5145.00	294.37	85.25	 2.13	194.41	383.19	90540.39
15.00	5175.00	293.34	75.18	 2.03	220.55	352.06	90645.27
15.00	5205.00	291.11	66.77	 2.53	214.53	328.91	90950.90
15.00	5235.00	290.74	62.58	 2.71	209.03	329.33	91008.24
15.00	5265.00	291.99	58.48	 2.79	238.08	334.85	90926.19
15.00	5295.00	294.65	45.87	 3.03	286.07	338.55	90718.48
15.00	5325.00	296.91	40.58	 3.49	309.51	350.19	90577.74
15.00	5355.00	297.73	54.16	 3.04	290.66	375.84	90329.35
15.00	5385.00	298.28	51.21	 2.96	294.37	375.55	90346.34
16.00	5415.00	295.03	87.29	 0.72	190.81	392.52	90243.91
16.00	5445.00	294.50	88.49	 0.42	207.61	383.44	90278.12
16.00	5475.00	294.65	86.15	 1.05	213.96	383.94	90393.74
16.00	5505.00	294.27	79.18	 2.22	218.64	371.26	90547.13
16.00	5535.00	293.33	66.49	 2.42	228.16	347.32	90743.78
16.00	5565.00	291.50	64.08	 2.35	210.94	334.57	90840.20
16.00	5595.00	291.15	62.48	 2.67	202.04	335.33	90951.40
16.00	5625.00	292.60	56.73	 2.71	228.60	341.00	90835.10
16.00	5655.00	295.27	43.77	 3.04	279.99	343.39	90702.49
16.00	5685.00	296.74	50.38	 3.12	281.57	364.18	90473.55
16.00	5715.00	298.34	43.01	 2.97	298.34	368.47	90364.85
16.00	5745.00	296.64	69.55	 2.54	259.60	384.47	90440.61
17.00	5775.00	294.88	88.22	 0.56	189.35	390.31	90350.79
17.00	5805.00	294.67	88.26	 0.11	209.11	385.78	90346.37
17.00	5835.00	294.57	86.29	 1.51	217.20	383.06	90417.70
17.00	5865.00	294.40	79.15	 2.28	220.09	372.06	90484.86
17.00	5895.00	293.45	71.44	 2.36	214.49	354.83	90691.29
17.00	5925.00	291.22	64.42	 2.17	224.79	325.18	90810.85
17.00	5955.00	291.46	58.56	 2.42	219.38	327.94	90794.51
17.00	5985.00	293.23	58.22	 2.65	230.67	340.27	90802.78
17.00	6015.00	295.52	42.32	 2.93	287.31	340.88	90700.51
17.00	6045.00	297.71	37.76	 3.44	317.84	350.57	90393.70
17.00	6075.00	299.08	34.35	 3.18	307.53	366.80	90372.48
17.00	6105.00	296.18	73.85	 1.71	237.40	384.45	90396.28
18.00	6135.00	294.70	89.25	 1.16	211.20	386.38	90186.60
18.00	6165.00	294.40	90.92	 0.58	187.95	392.31	90214.48
18.00	6195.00	294.68	86.25	 1.48	207.36	384.95	90333.85
18.00	6225.00	293.70	80.60	 2.44	202.15	372.08	90577.10
18.00	6255.00	293.02	79.13	 2.23	183.36	366.70	90732.97
18.00	6285.00	290.70	69.72	 2.30	198.14	333.62	90881.84
18.00	6315.00	290.44	63.08	 2.35	212.36	325.08	90929.52
18.00	6345.00	292.58	52.37	 2.45	251.75	326.67	90751.71
18.00	6375.00	295.37	46.25	 2.76	281.07	343.35	90555.75
18.00	6405.00	296.92	42.17	 3.20	301.32	355.34	90510.77
18.00	6435.00	299.17	32.66	 3.41	328.57	361.42	90287.90
18.00	6465.00	295.53	77.27	 1.30	231.68	383.38	90340.41
19.00	6495.00	295.14	85.58	 1.02	219.39	387.25	90273.37
19.00	6525.00	294.23	90.98	 0.69	180.33	392.83	90302.89
19.00	6555.00	294.69	86.10	 2.03	205.59	385.69	90472.15
19.00	6585.00	293.86	83.76	 1.89	195.98	376.62	90554.58
19.00	6615.00	292.47	68.75	 2.09	236.53	338.75	90766.06
19.00	6645.00	292.46	68.23	 2.17	198.26	345.57	90800.87
19.00	6675.00	290.84	65.00	 2.92	200.29	332.65	91035.79
19.00	6705.00	293.28	51.23	 2.40	242.93	336.62	90885.22
19.00	6735.00	295.91	43.96	 3.02	281.41	345.77	90696.08
19.00	6765.00	296.81	50.71	 3.22	265.42	370.74	90605.10
19.00	6795.00	297.64	59.72	 2.30	267.77	381.33	90354.26
19.00	6825.00	294.66	89.82	 1.48	179.66	397.86	90471.26
20.00	6855.00	295.07	91.40	 1.10	190.40	399.47	90375.07
20.00	6885.00	295.39	88.27	 0.40	205.87	391.86	90415.02
20.00	6915.00	295.05	89.70	 1.24	195.87	394.38	90453.87
20.00	6945.00	294.18	83.14	 2.19	200.67	379.51	90615.80
20.00	6975.00	293.22	69.01	 1.76	230.81	346.01	90733.23
20.00	7005.00	291.81	62.77	 2.42	216.66	330.90	90941.50
20.00	7035.00	291.03	60.34	 2.53	215.92	326.68	90942.74
20.00	7065.00	292.76	55.22	 2.60	215.61	346.52	90821.14
20.00	7095.00	295.06	49.23	 2.86	262.11	349.72	90691.15
20.00	7125.00	297.13	42.96	 3.10	291.26	358.31	90552.90
20.00	7155.00	298.28	40.79	 3.51	306.30	365.63	90410.42
20.00	7185.00	297.99	53.26	 2.28	283.28	376.80	90323.09
21.00	7215.00	294.76	86.85	 1.09	206.84	388.55	90262.89
21.00	7245.00	295.10	83.06	 1.20	228.12	384.95	90310.23
21.00	7275.00	293.95	91.88	 1.07	168.57	394.10	90260.73
21.00	7305.00	293.27	86.50	 2.42	181.70	378.19	90640.89
21.00	7335.00	292.57	74.66	 2.25	211.74	350.84	90771.94
21.00	7365.00	291.13	66.44	 2.48	214.73	329.30	90874.57
21.00	7395.00	290.64	64.11	 2.65	189.85	336.55	90986.36
21.00	7425.00	292.21	64.67	 2.43	203.48	347.98	90843.92
21.00	7455.00	294.72	49.94	 2.82	266.74	347.41	90622.24
21.00	7485.00	296.58	39.71	 3.03	289.37	354.85	90532.98
21.00	7515.00	297.32	52.19	 3.17	283.14	373.90	90401.65
21.00	7545.00	297.02	58.11	 2.42	279.07	373.52	90362.23
22.00	7575.00	295.03	84.92	 0.76	220.06	385.75	90192.32
22.00	7605.00	294.39	90.15	 0.92	201.12	389.15	90278.11
22.00	7635.00	293.88	91.77	 1.01	173.71	393.90	90343.94
22.00	7665.00	293.60	85.23	 2.08	196.03	373.51	90556.21
22.00	7695.00	292.25	76.55	 2.14	208.97	350.70	90762.11
22.00	7725.00	290.94	72.75	 2.51	189.32	339.84	90933.78
22.00	7755.00	290.24	65.85	 2.66	198.21	332.53	90895.44
22.00	7785.00	291.81	62.25	 2.49	206.75	343.29	90883.60
22.00	7815.00	295.16	45.35	 2.80	273.45	344.39	90615.59
22.00	7845.00	297.71	36.37	 3.01	294.49	360.32	90516.32
22.00	7875.00	296.15	71.41	 1.61	226.92	388.36	90283.29
22.00	7905.00	294.51	88.78	 0.86	199.79	390.57	90371.65
23.00	7935.00	293.88	92.21	 1.28	179.45	390.11	90233.30
23.00	7965.00	294.39	90.47	 0.79	197.71	391.88	90303.40
23.00	7995.00	294.33	90.20	 1.09	198.96	389.13	90405.58
23.00	8025.00	294.18	82.41	 2.14	207.90	371.38	90571.81
23.00	8055.00	292.86	73.89	 2.29	215.22	351.59	90786.94
23.00	8085.00	290.97	69.01	 2.31	204.54	333.93	90907.05
23.00	8115.00	291.15	61.71	 2.39	204.17	334.66	90918.68
23.00	8145.00	292.93	54.59	 2.20	250.23	330.90	90859.67
23.00	8175.00	295.42	42.76	 2.65	293.57	337.49	90551.56
23.00	8205.00	297.24	45.06	 2.87	282.20	363.21	90520.76
23.00	8235.00	298.92	39.46	 3.13	307.17	367.48	90386.74
23.00	8265.00	296.73	73.10	 1.77	238.24	386.80	90342.62
24.00	8295.00	294.42	90.03	 0.23	177.07	391.20	90347.44
24.00	8325.00	294.57	90.90	 0.44	180.89	394.53	90412.09
24.00	8355.00	294.37	90.38	 1.45	184.79	392.08	90417.11
24.00	8385.00	293.92	84.36	 2.20	191.93	378.52	90503.23
24.00	8415.00	292.42	72.64	 1.96	231.54	339.21	90734.43
24.00	8445.00	290.68	71.04	 2.37	195.64	334.86	90955.45
24.00	8475.00	291.83	63.10	 2.09	222.72	329.92	90910.02
24.00	8505.00	292.83	57.73	 2.65	226.69	340.92	90897.28
24.00	8535.00	295.06	52.03	 2.87	261.02	352.32	90725.61
24.00	8565.00	297.57	43.43	 3.29	293.09	361.34	90500.46
24.00	8595.00	296.08	70.27	 2.17	243.27	379.17	90480.89
24.00	8625.00	295.14	84.58	 1.08	201.82	390.67	90455.21
25.00	8655.00	294.94	88.38	 0.38	196.95	390.07	90376.62
25.00	8685.00	295.12	87.29	 0.35	203.31	389.29	90312.24
25.00	8715.00	294.83	89.14	 0.84	188.50	391.38	90338.73
25.00	8745.00	293.77	81.87	 2.04	213.32	370.81	90548.62
25.00	8775.00	292.95	73.09	 2.25	219.46	350.57	90740.93
25.00	8805.00	291.41	68.46	 2.37	207.93	337.43	90843.16
25.00	8835.00	290.42	66.33	 2.81	206.45	331.34	91017.78
25.00	8865.00	292.20	52.40	 2.38	249.53	326.83	90824.43
25.00	8895.00	295.27	46.84	 2.86	269.61	350.21	90706.83
25.00	8925.00	297.50	38.62	 3.11	307.87	355.98	90456.30
25.00	8955.00	298.04	51.88	 2.85	286.53	374.05	90344.90
25.00	8985.00	295.55	81.48	 1.35	213.17	389.32	90374.37
26.00	9015.00	294.97	88.22	 0.51	201.78	392.66	90279.72
26.00	9045.00	294.47	88.13	 0.41	203.22	387.78	90364.23
26.00	9075.00	294.71	87.16	 1.01	205.39	385.12	90373.73
26.00	9105.00	293.62	86.25	 2.30	178.10	381.54	90567.23
26.00	9135.00	291.78	74.05	 2.53	208.94	347.11	90822.83
26.00	9165.00	290.56	70.76	 2.50	191.07	338.41	91084.44
26.00	9195.00	290.82	60.97	 2.37	219.06	328.41	90897.98
26.00	9225.00	292.91	53.80	 2.60	243.19	335.67	90843.79
26.00	9255.00	295.15	48.93	 2.69	266.28	350.92	90578.66
26.00	9285.00	296.72	52.61	 3.14	274.89	368.13	90536.51
26.00	9315.00	296.66	63.82	 2.68	251.96	381.81	90412.81
26.00	9345.00	295.10	85.13	 1.12	199.64	394.10	90294.98
27.00	9375.00	294.71	89.16	 0.46	193.10	392.25	90352.81
27.00	9405.00	295.38	85.83	 1.01	212.07	389.66	90332.69
27.00	9435.00	295.24	82.62	 1.11	226.30	382.93	90427.07
27.00	9465.00	294.54	77.74	 2.01	221.16	370.78	90566.64
27.00	9495.00	293.40	70.08	 2.27	219.30	353.17	90709.01
27.00	9525.00	291.86	68.04	 2.22	206.16	337.11	90836.53
27.00	9555.00	290.98	61.41	 2.69	215.08	330.23	91022.50
27.00	9585.00	292.97	51.42	 2.69	248.56	331.59	90790.63
27.00	9615.00	294.98	46.85	 2.81	271.35	347.33	90680.28
27.00	9645.00	297.14	41.87	 3.29	296.42	358.29	90548.40
27.00	9675.00	298.76	38.92	 3.24	313.48	367.26	90333.68
27.00	9705.00	297.64	62.00	 2.47	256.18	386.06	90256.22
28.00	9735.00	295.24	84.80	 1.63	213.50	389.43	90328.28
28.00	9765.00	295.07	86.65	 1.22	215.75	388.80	90321.05
28.00	9795.00	294.38	89.86	 1.16	173.82	393.22	90397.44
28.00	9825.00	293.71	84.28	 2.42	191.83	376.65	90563.86
28.00	9855.00	293.08	75.03	 2.04	210.72	355.92	90699.90
28.00	9885.00	291.18	69.34	 2.53	204.81	335.32	90927.48
28.00	9915.00	290.91	67.12	 2.58	195.33	338.42	90984.51
28.00	9945.00	292.86	55.92	 2.52	242.92	338.52	90759.70
28.00	9975.00	294.37	50.45	 3.02	272.72	345.33	90753.23
28.00	10005.00	297.35	44.00	 3.36	297.37	360.87	90545.03
28.00	10035.00	296.85	65.67	 2.40	249.59	382.22	90359.88
28.00	10065.00	294.68	89.82	 0.58	188.27	393.86	90363.90
29.00	10095.00	294.83	90.75	 0.31	186.18	395.32	90384.54
29.00	10125.00	295.05	87.94	 0.89	208.55	388.74	90239.77
29.00	10155.00	294.66	87.26	 1.19	208.83	384.42	90416.32
29.00	10185.00	294.22	84.32	 1.92	195.19	378.92	90534.39
29.00	10215.00	292.96	77.31	 2.24	197.03	359.72	90729.39
29.00	10245.00	291.42	67.04	 2.33	205.86	335.71	90811.80
29.00	10275.00	290.75	65.60	 2.54	194.75	336.73	90876.71
29.00	10305.00	292.54	55.23	 2.64	235.52	337.30	90763.41
29.00	10335.00	295.49	42.55	 3.03	282.32	344.66	90630.13
29.00	10365.00	296.10	53.40	 3.09	269.83	362.74	90528.80
29.00	10395.00	297.63	54.87	 2.89	281.84	377.11	90305.12
29.00	10425.00	294.86	84.48	 0.94	201.39	388.52	90267.80
30.00	10455.00	294.31	90.66	 0.43	181.75	395.01	90287.35
30.00	10485.00	294.01	88.28	 0.79	198.80	384.56	90388.78
30.00	10515.00	293.91	84.77	 1.78	214.33	378.46	90383.69
30.00	10545.00	293.68	79.11	 2.32	203.29	371.93	90514.08
30.00	10575.00	292.89	70.30	 2.17	213.44	351.90	90663.29
30.00	10605.00	290.56	64.36	 2.48	210.50	326.77	90894.05
30.00	10635.00	290.50	61.94	 2.36	210.34	325.10	90892.92
30.00	10665.00	292.52	53.24	 2.39	243.66	335.64	90695.03
30.00	10695.00	295.52	37.47	 2.62	299.98	335.69	90582.93
30.00	10725.00	297.87	36.97	 3.08	292.55	363.52	90452.22
30.00	10755.00	297.85	56.38	 2.57	263.27	382.15	90317.71
30.00	10785.00	294.49	89.14	 1.11	186.18	393.44	90333.65
31.00	10815.00	294.96	87.08	 0.82	208.16	388.35	90335.26
31.00	10845.00	294.02	89.75	 1.09	192.86	388.53	90365.56
31.00	10875.00	294.23	89.54	 1.09	187.07	390.64	90366.31
31.00	10905.00	293.41	80.02	 2.42	214.06	368.21	90611.55
31.00	10935.00	292.73	73.76	 2.00	219.70	348.99	90652.40
31.00	10965.00	292.01	65.67	 2.23	216.38	335.14	90830.66
31.00	10995.00	290.39	64.08	 2.81	215.14	328.88	91027.27
31.00	11025.00	292.30	54.03	 2.61	238.39	335.61	90843.92
31.00	11055.00	295.60	42.38	 2.88	284.74	344.26	90689.90
31.00	11085.00	297.40	45.55	 3.24	282.70	366.54	90490.68
31.00	11115.00	296.79	67.01	 2.15	247.48	382.48	90361.23
31.00	11145.00	296.11	77.94	 1.41	233.32	386.37	90382.82
32.00	11175.00	295.20	86.99	 0.38	218.73	386.21	90360.78
32.00	11205.00	295.19	88.94	 0.94	190.36	394.88	90378.70
32.00	11235.00	294.78	89.66	 1.10	192.25	391.10	90495.35
32.00	11265.00	294.80	83.37	 2.18	201.81	380.28	90601.12
32.00	11295.00	293.53	76.00	 2.01	205.01	361.10	90680.21
32.00	11325.00	291.30	70.44	 2.36	194.97	341.37	90956.71
32.00	11355.00	290.94	63.35	 2.67	193.75	336.87	90951.27
32.00	11385.00	291.85	54.69	 2.74	233.92	332.57	90896.72
32.00	11415.00	294.99	41.25	 2.99	293.35	336.04	90663.27
32.00	11445.00	298.04	31.76	 3.02	320.64	351.94	90415.03
32.00	11475.00	298.47	44.99	 3.16	299.73	372.60	90264.26
32.00	11505.00	295.64	77.30	 1.28	227.47	383.20	90236.96
33.00	11535.00	294.94	85.62	 0.70	215.32	386.23	90191.33
33.00	11565.00	294.06	90.00	 0.89	183.09	390.63	90268.23
33.00	11595.00	294.15	89.54	 0.92	194.77	388.09	90350.63
33.00	11625.00	293.98	85.03	 1.97	186.91	380.86	90499.27
33.00	11655.00	293.12	75.39	 1.87	207.82	357.35	90689.50
33.00	11685.00	291.83	68.21	 1.82	212.39	334.21	90760.46
33.00	11715.00	290.58	61.84	 2.37	215.87	325.40	90826.49
33.00	11745.00	292.25	50.98	 2.45	245.48	331.46	90783.02
33.00	11775.00	295.04	43.30	 2.75	275.86	345.03	90685.85
33.00	11805.00	297.41	40.42	 2.96	294.05	362.93	90358.99
33.00	11835.00	297.16	62.72	 1.99	263.12	379.22	90324.81
33.00	11865.00	295.38	83.51	 0.78	224.24	385.50	90320.06
34.00	11895.00	294.75	88.11	 1.08	192.12	390.61	90231.56
34.00	11925.00	294.59	88.62	 0.23	213.44	385.42	90217.63
34.00	11955.00	294.48	87.84	 0.51	209.60	384.38	90375.27
34.00	11985.00	293.29	79.57	 2.37	222.74	363.95	90576.30
34.00	12015.00	292.57	71.62	 2.31	221.33	344.53	90745.46
34.00	12045.00	291.31	68.04	 2.27	209.72	331.83	90888.23
34.00	12075.00	290.65	58.95	 2.34	221.43	320.70	90840.62
34.00	12105.00	293.32	52.42	 2.47	245.60	338.85	90766.45
34.00	12135.00	295.64	41.10	 2.86	290.42	342.04	90683.07
34.00	12165.00	297.53	39.25	 3.01	302.45	356.43	90436.47
34.00	12195.00	297.24	57.96	 2.49	268.78	379.04	90408.04
34.00	12225.00	296.08	76.26	 1.72	232.23	386.19	90333.57
35.00	12255.00	295.25	87.04	 0.51	196.28	392.95	90346.49
35.00	12285.00	294.89	87.05	 0.06	215.16	385.99	90331.23
35.00	12315.00	294.75	85.62	 1.71	205.59	385.11	90497.29
35.00	12345.00	294.30	76.33	 1.97	230.83	366.64	90566.15
35.00	12375.00	293.25	68.69	 2.34	223.34	351.14	90801.90
35.00	12405.00	291.38	60.97	 2.45	222.14	325.66	90893.10
35.00	12435.00	290.94	60.42	 2.47	223.09	325.11	90899.90
35.00	12465.00	292.77	50.98	 2.49	250.53	333.28	90769.06
35.00	12495.00	295.62	40.62	 2.69	294.16	340.00	90605.04
35.00	12525.00	296.88	46.92	 3.00	283.26	362.12	90549.95
35.00	12555.00	298.27	47.55	 2.89	292.66	373.15	90298.20
35.00	12585.00	295.87	80.75	 1.28	230.36	384.45	90380.69
36.00	12615.00	294.74	89.08	 0.72	192.57	389.97	90314.41
36.00	12645.00	294.64	88.66	 0.63	196.68	388.35	90216.26
36.00	12675.00	294.62	86.27	 1.45	213.68	382.56	90430.75
36.00	12705.00	293.96	83.65	 2.10	197.78	376.93	90617.93
36.00	12735.00	293.14	70.29	 2.41	227.55	348.63	90742.89
36.00	12765.00	291.73	65.74	 2.34	217.82	332.91	90880.34
36.00	12795.00	291.33	63.34	 2.39	211.36	333.70	91002.82
36.00	12825.00	293.29	54.99	 2.39	234.72	342.09	90788.24
36.00	12855.00	294.53	47.28	 2.75	278.50	341.60	90724.13
36.00	12885.00	296.84	48.05	 2.55	284.15	359.77	90501.44
36.00	12915.00	297.84	52.90	 2.64	288.80	371.73	90436.79
36.00	12945.00	296.84	70.32	 1.46	257.21	381.14	90372.54
37.00	12975.00	294.76	88.47	 1.07	184.67	391.34	90343.59
37.00	13005.00	295.18	86.94	 0.32	212.94	387.98	90318.79
37.00	13035.00	294.83	84.19	 1.36	213.05	381.99	90496.68
37.00	13065.00	294.61	77.73	 1.81	215.60	370.00	90582.26
37.00	13095.00	293.75	65.88	 2.23	229.92	347.76	90767.72
37.00	13125.00	292.03	61.99	 2.17	221.75	329.42	90861.09
37.00	13155.00	291.97	59.32	 2.28	220.31	330.89	90932.03
37.00	13185.00	293.36	48.01	 2.65	255.31	332.86	90858.53
37.00	13215.00	296.02	41.89	 2.92	287.95	346.93	90692.67
37.00	13245.00	298.03	41.44	 3.06	286.90	365.69	90542.53
37.00	13275.00	297.58	56.95	 2.30	278.80	377.02	90403.72
37.00	13305.00	296.34	80.47	 0.93	232.61	386.39	90464.11
