3.570684988548799765e+01
-1.475499725836215603e+01
-3.729268050451884164e+01
-2.351328553353015849e+01
-7.051016175860569390e+00
-1.230348598769648305e+01
0.000000000000000000e+00
0.000000000000000000e+00
-8.058017727639033012e-01
-1.700457815565737008e+01
-4.374036650111312952e+01
-4.002203770020851437e+01
-3.993694167104566617e+01
-2.838952092683444306e+01
-4.076602199469092369e+01
-3.471158754466563323e+01
-4.651162790697660476e+00
7.299270072992580793e+00
0.000000000000000000e+00
0.000000000000000000e+00
1.704918032786872928e+01
-1.074972436604193504e+01
-2.137926412438850932e+01
-3.320195867669895051e+01